1 1.00553 0 0
2 1.05585 5 5
3 1.66122 10 10
4 2.3017 15 13
5 2.59637 20 15
6 2.74929 25 17
7 2.91843 31 16
8 3.22961 39 20
9 3.39613 45 22
10 3.54932 50 26
11 3.70601 55 26
12 3.87256 61 28
13 8.17568 70 32
14 9.87737 75 34
15 10.4353 80 36
16 10.6275 85 38
17 10.9577 91 39
18 11.4081 100 41
19 11.619 105 44
20 11.7929 110 48
21 11.9711 115 49
22 12.161 121 47
23 15.0553 130 51
24 41.8212 135 54
25 45.9753 140 57
26 46.1425 145 60
27 46.3808 151 60
28 46.814 159 61
29 47.0355 165 64
30 47.2006 170 66
31 47.359 175 68
32 47.5324 181 67
33 51.2446 190 71
34 52.6834 195 71
35 53.0357 200 74
36 53.1971 205 75
37 53.4755 211 76
38 53.8648 219 79
39 54.0531 225 80
40 54.2246 230 84
41 54.3894 235 85
42 54.5688 241 82
43 58.4414 250 84
44 59.9068 255 86
45 60.2486 260 88
46 60.4202 265 88
47 60.6996 271 89
48 61.097 280 93
49 61.2823 285 93
50 61.4503 290 97
51 61.6126 295 99
52 61.7873 301 98
53 66.0288 309 103
54 76.5182 315 105
55 79.0929 320 109
56 79.2381 325 113
57 79.512 331 114
58 80.0498 340 120
59 80.3123 345 121
60 80.4777 350 122
61 80.6317 355 123
62 80.8064 361 123
63 84.7033 370 125
64 90.1665 375 127
65 92.3072 380 129
66 92.4644 385 133
67 92.7117 391 133
68 93.1658 400 136
69 93.3654 405 137
70 93.534 410 139
71 93.6953 415 139
72 93.8696 421 140
73 97.6068 430 141
74 99.0683 435 142
75 99.4109 440 145
76 99.571 445 144
77 99.8445 451 145
78 100.218 460 150
79 100.404 465 149
80 100.563 470 152
81 100.726 475 153
82 100.902 481 153
83 104.754 490 156
84 106.012 495 158
85 106.543 500 159
86 106.705 505 160
87 106.995 511 159
88 107.372 518 159
89 107.567 525 163
90 107.725 530 164
91 107.887 535 167
92 108.059 541 167
93 112.044 550 169
94 113.763 555 170
95 114.225 560 172
96 114.386 565 173
97 114.663 571 172
98 115.062 580 174
99 115.244 585 175
100 115.409 590 178
101 115.577 595 179
102 115.748 601 177
103 120.618 610 179
104 129.519 615 182
105 130.893 620 184
106 131.059 625 187
107 131.329 631 185
108 131.815 639 192
109 132.02 645 192
110 132.182 650 196
111 132.343 655 197
112 132.514 661 199
113 137.163 670 205
114 138.767 675 203
115 139.105 680 205
116 139.272 685 205
117 139.571 691 204
118 139.964 699 208
119 140.148 705 209
120 140.309 710 212
121 140.475 715 213
122 140.651 721 213
123 144.696 730 215
124 146.291 735 217
125 146.697 740 218
126 146.861 745 218
127 147.149 751 219
128 147.523 758 221
129 147.707 765 224
130 147.874 770 228
131 148.046 775 227
132 148.21 781 226
133 151.625 788 228
134 278.838 795 231
135 290.262 800 235
136 290.434 805 236
137 290.704 811 239
138 291.399 819 242
139 291.709 825 244
140 291.878 830 247
141 292.043 835 249
142 292.237 841 249
143 296.358 849 248
144 330.47 855 251
145 331.629 860 254
146 331.793 865 256
147 332.064 871 255
148 332.611 880 258
149 332.836 885 258
150 333.004 890 260
151 333.166 895 263
152 333.334 901 263
153 337.505 909 265
154 343.022 915 267
155 591.755 920 271
156 606.761 924 275
157 607.073 931 277
158 607.523 939 285
159 607.912 945 288
160 608.186 950 288
161 608.358 955 289
162 608.533 961 287
163 612.18 970 291
164 614.104 975 293
165 614.594 980 293
166 614.76 985 297
167 615.026 991 297
168 615.42 999 299
169 615.613 1005 300
170 615.793 1010 304
171 615.983 1014 307
172 616.152 1020 311
173 627.15 1029 313
174 677.449 1035 313
175 706.68 1040 317
176 709.523 1045 320
177 709.885 1051 322
178 710.493 1060 326
179 710.892 1065 325
180 711.144 1070 325
181 711.317 1075 324
182 711.498 1081 323
183 718.165 1090 324
184 722.636 1095 327
185 724.172 1100 328
186 724.335 1105 331
187 724.604 1111 331
188 725.065 1120 333
189 725.286 1125 335
190 725.443 1130 338
191 725.605 1135 337
192 725.783 1141 339
193 731.161 1150 344
194 733.545 1155 344
195 734.257 1160 347
196 734.416 1165 349
197 734.679 1171 347
198 735.082 1180 350
199 735.272 1185 351
200 735.431 1190 353
201 735.593 1195 355
202 735.768 1201 353
203 741.17 1210 358
204 744.742 1215 358
205 746.124 1220 360
206 746.288 1225 364
207 746.552 1231 361
208 746.969 1240 362
209 747.199 1245 364
210 747.358 1250 365
211 747.521 1255 366
212 747.701 1261 368
213 754.261 1270 369
214 788.375 1275 372
215 794.274 1280 373
216 794.442 1285 377
217 794.695 1291 377
218 795.224 1300 379
219 795.496 1305 380
220 795.66 1310 384
221 795.826 1315 386
222 795.998 1321 387
223 801.65 1330 388
224 804.646 1335 389
225 805.542 1340 391
226 805.709 1345 395
227 805.973 1351 393
228 806.392 1360 397
229 806.579 1365 400
230 806.744 1370 403
231 806.915 1375 404
232 807.098 1381 404
233 812.301 1390 405
234 815.336 1395 408
235 816.067 1400 408
236 816.244 1405 409
237 816.5 1411 413
238 816.935 1420 414
239 817.127 1425 414
240 817.289 1430 419
241 817.449 1435 421
242 817.626 1441 419
243 823.238 1449 421
244 899.497 1455 422
245 903.705 1460 426
246 903.868 1465 429
247 904.141 1471 431
248 904.732 1479 434
249 904.996 1485 435
250 905.16 1490 437
251 905.326 1495 437
252 905.501 1501 440
253 911.094 1509 445
254 1259.63 1515 446
255 1488.72 1520 450
256 1494.24 1525 455
257 1494.51 1531 458
258 1495.13 1540 461
259 1495.58 1545 462
260 1495.86 1550 464
261 1496.03 1555 466
262 1496.21 1561 467
263 1502.7 1570 470
264 1505.3 1575 471
265 1506.26 1580 472
266 1506.42 1585 474
267 1506.71 1591 473
268 1507.12 1600 476
269 1507.32 1605 476
270 1507.48 1610 479
271 1507.64 1615 481
272 1507.81 1621 482
273 1513.39 1630 486
274 1516.34 1635 488
275 1516.98 1640 489
276 1517.15 1645 491
277 1517.43 1651 493
278 1517.85 1659 495
279 1518.04 1665 498
280 1518.22 1670 501
281 1518.38 1675 503
282 1518.56 1681 502
283 1524.16 1690 503
284 1529.67 1695 505
285 1530.78 1700 508
286 1530.96 1705 509
287 1531.22 1711 507
288 1531.67 1719 511
289 1531.87 1725 512
290 1532.06 1730 514
291 1532.24 1735 514
292 1532.43 1741 513
293 1547.65 1749 515
294 1802.6 1755 516
295 1830.59 1759 519
296 1850.82 1765 521
297 1879.6 1771 525
298 1881.11 1779 528
299 1882.34 1785 531
