time real-time total unconfirmed
1 0.308134 0 0
2 0.309461 5 5
3 1.4297 31 28
4 1.53336 31 28
5 1.53369 31 28
6 1.53406 31 28
7 1.57652 32 29
8 1.64589 65 61
9 1.64628 65 61
10 1.64651 65 61
11 1.64677 65 61
12 1.66765 66 62
13 20.5401 91 84
14 22.6358 95 88
15 22.6504 95 88
16 22.6512 95 88
17 22.6926 96 89
18 22.7691 125 114
19 22.7705 125 114
20 22.7707 125 114
21 22.7711 125 114
22 22.777 126 114
23 28.1082 153 126
24 29.4981 155 127
25 29.4984 155 127
26 29.4988 155 127
27 29.5483 156 128
28 29.6362 185 146
29 29.6366 185 146
30 29.6368 185 146
31 29.637 185 146
32 29.6434 186 147
33 33.4131 211 157
34 35.0813 215 161
35 35.091 215 161
36 35.0915 215 161
37 35.1338 216 162
38 35.2423 245 173
39 35.2437 245 173
40 35.2439 245 173
41 35.2442 245 173
42 35.2508 246 173
43 39.5321 270 191
44 41.6191 275 194
45 41.7416 275 194
46 41.7422 275 194
47 41.7945 276 195
48 41.9058 305 208
49 41.9129 305 208
50 41.9136 305 208
51 41.914 305 208
52 41.9217 306 209
53 46.4046 329 223
54 48.8927 335 224
55 48.9732 335 224
56 48.9738 335 224
57 49.0077 336 223
58 49.1087 365 245
59 49.1196 365 245
60 49.1208 365 245
61 49.126 365 245
62 49.1344 366 245
63 53.3943 390 251
64 55.2311 395 256
65 55.3734 395 256
66 55.3741 395 256
67 55.4062 396 256
68 55.476 425 262
69 55.4897 425 262
70 55.4901 425 262
71 55.4904 425 262
72 55.4979 426 263
73 60.0899 449 270
74 61.8703 455 273
75 61.9265 455 273
76 61.927 455 273
77 61.9578 456 273
78 62.0298 485 277
79 62.0399 485 277
80 62.0403 485 277
81 62.0406 485 277
82 62.0475 486 277
83 67.1905 507 281
84 69.96 515 280
85 70.082 515 280
86 70.0827 515 280
87 70.1199 516 281
88 70.2218 545 281
89 70.2295 545 281
90 70.2299 545 281
91 70.2302 545 281
92 70.2372 546 281
93 74.8017 571 284
94 77.0811 575 285
95 77.1638 575 285
96 77.1643 575 285
97 77.2148 576 286
98 77.3524 605 279
99 77.3567 605 279
100 77.357 605 279
101 77.3572 605 279
102 77.3647 606 280
103 81.5826 629 289
104 84.012 635 292
105 84.1078 635 292
106 84.1083 635 292
107 84.1434 636 293
108 84.2146 665 306
109 84.2194 665 306
110 84.2199 665 306
111 84.2202 665 306
112 84.227 666 307
113 89.1169 689 318
114 92.1557 695 320
115 92.6361 695 320
116 92.6366 695 320
117 92.6723 696 319
118 92.7471 725 336
119 92.7593 725 336
120 92.7604 725 336
121 92.7629 725 336
122 92.7701 726 337
123 98.471 747 336
124 101.091 755 337
125 101.195 755 337
126 101.196 755 337
127 101.239 756 337
128 101.338 785 304
129 101.344 785 304
130 101.345 785 304
131 101.345 785 304
132 101.352 786 305
133 106.218 808 292
134 108.483 815 289
135 108.615 815 289
136 108.615 815 289
137 108.654 816 289
138 108.76 845 276
139 108.768 845 276
140 108.769 845 276
141 108.769 845 276
142 108.777 846 274
143 113.052 872 279
144 114.887 875 274
145 115.004 875 274
146 115.004 875 274
147 115.039 876 275
148 115.115 905 283
149 115.121 905 283
150 115.121 905 283
151 115.122 905 283
152 115.129 906 283
153 120.005 925 273
154 123.173 935 265
155 123.694 935 265
156 123.698 935 265
157 123.731 936 266
158 123.811 965 270
159 123.826 965 270
160 123.827 965 270
161 123.827 965 270
162 123.835 966 271
163 128.658 987 274
164 131.624 995 277
165 131.671 995 277
166 131.671 995 277
167 131.709 996 276
168 131.784 1025 288
169 131.787 1025 288
170 131.787 1025 288
171 131.788 1025 288
172 131.795 1026 289
173 137.793 1050 302
174 140.967 1055 301
175 141.52 1055 301
176 141.521 1055 301
177 141.557 1056 302
178 141.654 1085 308
179 141.67 1085 308
180 141.674 1085 308
181 141.676 1085 308
182 141.69 1086 308
183 148.719 1110 305
184 151.803 1115 304
185 151.92 1115 304
186 151.92 1115 304
187 151.962 1116 302
188 152.084 1145 297
189 152.09 1145 297
190 152.09 1145 297
191 152.09 1145 297
192 152.098 1146 297
193 157.536 1167 294
194 159.752 1175 295
195 159.786 1175 295
196 159.786 1175 295
197 159.823 1176 295
198 159.905 1205 291
199 159.907 1205 291
200 159.908 1205 291
201 159.908 1205 291
202 159.92 1206 290
203 164.446 1229 290
204 166.251 1235 288
205 166.296 1235 288
206 166.297 1235 288
207 166.348 1236 288
208 166.451 1265 295
209 166.455 1265 295
210 166.455 1265 295
211 166.455 1265 295
212 166.463 1266 296
213 172.168 1291 303
214 174.069 1295 306
215 174.078 1295 306
216 174.079 1295 306
217 174.116 1296 306
218 174.194 1325 288
219 174.195 1325 288
220 174.196 1325 288
221 174.196 1325 288
222 174.202 1326 288
223 180.326 1348 281
224 183.166 1355 280
225 183.533 1355 280
226 183.534 1355 280
227 183.591 1356 278
228 183.723 1385 287
229 183.736 1385 287
230 183.737 1385 287
231 183.737 1385 287
232 183.746 1386 287
233 189.292 1410 275
234 191.957 1415 271
235 192.006 1415 271
236 192.007 1415 271
237 192.058 1416 270
238 192.2 1445 262
239 192.204 1445 262
240 192.209 1445 262
241 192.211 1445 262
242 192.218 1446 263
243 197.07 1472 270
244 199.373 1475 273
245 199.393 1475 273
246 199.394 1475 273
247 199.435 1476 271
248 199.517 1505 275
249 199.519 1505 275
250 199.519 1505 275
251 199.52 1505 275
252 199.526 1506 270
253 203.669 1529 260
254 205.353 1535 262
255 205.376 1535 262
256 205.376 1535 262
257 205.417 1536 262
258 205.495 1565 271
259 205.497 1565 271
260 205.498 1565 271
261 205.498 1565 271
262 205.505 1566 271
263 210.024 1592 272
264 211.608 1595 275
265 211.632 1595 275
266 211.633 1595 275
267 211.69 1596 272
268 211.816 1625 273
269 211.819 1625 273
270 211.819 1625 273
271 211.82 1625 273
272 211.827 1626 274
273 218.081 1652 264
274 221.31 1655 264
275 221.448 1655 264
276 221.449 1655 264
277 221.493 1656 264
278 221.579 1685 263
279 221.586 1685 263
280 221.587 1685 263
281 221.587 1685 263
282 221.595 1686 263
283 226.9 1713 243
284 228.974 1715 244
285 229.017 1715 244
286 229.018 1715 244
287 229.058 1716 244
288 229.137 1745 250
289 229.14 1745 250
290 229.14 1745 250
291 229.14 1745 250
292 229.147 1746 251
293 235.468 1771 236
294 237.301 1775 238
295 237.32 1775 238
296 237.32 1775 238
297 237.363 1776 238
298 237.491 1805 242
299 237.493 1805 242
