time real-time total unconfirmed
1 0.409151 0 0
2 0.410323 5 5
3 1.87172 34 31
4 2.00879 34 31
5 2.41128 34 31
6 2.42034 34 31
7 2.85438 35 32
8 2.94166 65 61
9 3.13714 65 61
10 3.14017 65 61
11 3.32236 65 61
12 3.32861 66 62
13 9.7416 93 84
14 10.9949 95 86
15 11.1185 95 86
16 11.1216 95 86
17 11.3065 96 87
18 11.3852 125 113
19 11.5097 125 113
20 11.5131 125 113
21 11.6254 125 113
22 11.6305 126 114
23 16.8353 154 133
24 17.769 155 133
25 17.9132 155 133
26 17.9161 155 133
27 18.0339 156 134
28 18.0901 185 152
29 18.2099 185 152
30 18.2152 185 152
31 18.3527 185 152
32 18.3595 186 152
33 23.0991 212 161
34 24.1378 215 163
35 24.2294 215 163
36 24.2326 215 163
37 24.3485 216 164
38 24.4371 245 176
39 24.5876 245 176
40 24.5906 245 176
41 24.7311 245 176
42 24.7376 246 175
43 29.4181 268 175
44 31.0916 275 176
45 31.3312 275 176
46 31.3347 275 176
47 31.4731 276 177
48 31.5462 305 191
49 31.6404 305 191
50 31.6439 305 191
51 31.7401 305 191
52 31.7462 306 191
53 37.2072 332 203
54 38.9958 335 203
55 39.1087 335 203
56 39.1124 335 203
57 39.2515 336 203
58 39.3219 365 206
59 39.4178 365 206
60 39.4224 365 206
61 39.5271 365 206
62 39.5343 366 204
63 45.3884 392 214
64 47.7489 395 215
65 47.9313 395 215
66 47.9352 395 215
67 48.1576 396 214
68 48.2387 425 230
69 48.3366 425 230
70 48.3399 425 230
71 48.4616 425 230
72 48.4681 426 231
73 53.7033 451 232
74 55.2857 455 232
75 55.3899 455 232
76 55.3936 455 232
77 55.6151 456 232
78 55.7328 485 237
79 55.8964 485 237
80 55.8999 485 237
81 56.0594 485 237
82 56.0665 486 235
83 62.7869 510 234
84 64.9723 515 235
85 65.1211 515 235
86 65.1233 515 235
87 65.2467 516 235
88 65.3619 545 229
89 65.5226 545 229
90 65.5282 545 229
91 65.6761 545 229
92 65.6858 546 230
93 71.1014 571 240
94 72.8376 575 239
95 73.0017 575 239
96 73.0052 575 239
97 73.2125 576 240
98 73.2836 605 250
99 73.4165 605 250
100 73.4197 605 250
101 73.5394 605 250
102 73.5458 606 242
103 79.4921 632 240
104 82.0684 635 235
105 82.2062 635 235
106 82.2097 635 235
107 82.3609 636 236
108 82.4743 665 238
109 82.6184 665 238
110 82.6217 665 238
111 82.7422 665 238
112 82.7481 666 239
113 87.0861 692 234
114 88.4681 695 237
115 88.5656 695 237
116 88.5689 695 237
117 88.6963 696 236
118 88.768 725 233
119 88.8576 725 233
120 88.8619 725 233
121 88.9794 725 233
122 88.9867 726 230
123 94.4336 752 226
124 96.0837 755 223
125 96.1955 755 223
126 96.199 755 223
127 96.333 756 224
128 96.4432 785 237
129 96.576 785 237
130 96.5794 785 237
131 96.7309 785 237
132 96.738 786 238
133 101.766 812 255
134 103.396 815 258
135 103.525 815 258
136 103.529 815 258
137 103.722 816 254
138 103.821 845 248
139 103.932 845 248
140 103.936 845 248
141 104.063 845 248
142 104.07 846 247
143 108.959 874 246
144 110.041 875 245
145 110.197 875 245
146 110.201 875 245
147 110.344 876 246
148 110.411 905 250
149 110.506 905 250
150 110.51 905 250
151 110.605 905 250
152 110.612 906 251
153 115.737 932 266
154 117.583 935 266
155 117.716 935 266
156 117.719 935 266
157 117.844 936 266
158 117.922 965 264
159 118.014 965 264
160 118.017 965 264
161 118.132 965 264
162 118.14 966 265
163 124.352 991 244
164 126.732 995 244
165 126.856 995 244
166 126.859 995 244
167 127.033 996 245
168 127.158 1025 239
169 127.251 1025 239
170 127.254 1025 239
171 127.334 1025 239
172 127.34 1026 240
173 131.98 1055 228
174 132.849 1055 228
175 132.963 1055 228
176 132.966 1055 228
177 133.137 1056 228
178 133.226 1085 223
179 133.311 1085 223
180 133.315 1085 223
181 133.401 1085 223
182 133.408 1086 223
183 138.981 1113 216
184 140.112 1115 215
185 140.203 1115 215
186 140.206 1115 215
187 140.333 1116 214
188 140.438 1145 210
189 140.577 1145 210
190 140.579 1145 210
191 140.659 1145 210
192 140.665 1146 208
193 146.542 1173 213
194 149.024 1175 214
195 149.15 1175 214
196 149.153 1175 214
197 149.337 1176 215
198 149.423 1205 222
199 149.496 1205 222
200 149.499 1205 222
201 149.572 1205 222
202 149.578 1206 221
203 155.616 1233 222
204 156.951 1235 221
205 157.085 1235 221
206 157.088 1235 221
207 157.24 1236 220
208 157.355 1265 203
209 157.43 1265 203
210 157.433 1265 203
211 157.502 1265 203
212 157.508 1266 204
213 163.113 1292 191
214 164.092 1295 193
215 164.156 1295 193
216 164.158 1295 193
217 164.325 1296 193
218 164.421 1325 169
219 164.492 1325 169
220 164.494 1325 169
221 164.564 1325 169
222 164.569 1326 165
223 170.696 1352 155
224 171.788 1355 155
225 171.86 1355 155
226 171.863 1355 155
227 171.976 1356 156
228 172.044 1385 148
229 172.112 1385 148
230 172.114 1385 148
231 172.182 1385 148
232 172.187 1386 147
233 177.635 1413 155
234 178.897 1415 156
235 178.975 1415 156
236 178.978 1415 156
237 179.084 1416 157
238 179.155 1445 172
239 179.232 1445 172
240 179.236 1445 172
241 179.326 1445 172
242 179.333 1446 172
243 185.434 1474 173
244 186.965 1475 173
245 187.051 1475 173
246 187.054 1475 173
247 187.171 1476 172
248 187.242 1505 169
249 187.323 1505 169
250 187.326 1505 169
251 187.406 1505 169
252 187.413 1506 168
253 193.703 1534 176
254 195.528 1535 176
255 195.598 1535 176
256 195.601 1535 176
257 195.745 1536 175
258 195.872 1565 178
259 196.005 1565 178
260 196.008 1565 178
261 196.107 1565 178
262 196.113 1566 178
263 201.706 1595 175
264 203.088 1595 175
265 203.212 1595 175
266 203.215 1595 175
267 203.412 1596 172
268 203.506 1625 173
269 203.58 1625 173
270 203.583 1625 173
271 203.658 1625 173
272 203.664 1626 174
273 208.859 1652 182
274 210.045 1655 181
275 210.127 1655 181
276 210.13 1655 181
277 210.248 1656 181
278 210.335 1685 166
279 210.484 1685 166
280 210.487 1685 166
281 210.631 1685 166
282 210.638 1686 166
283 215.539 1713 168
284 216.347 1715 169
285 216.431 1715 169
286 216.434 1715 169
287 216.558 1716 169
288 216.633 1745 178
289 216.713 1745 178
290 216.716 1745 178
291 216.794 1745 178
292 216.8 1746 178
293 223.373 1771 181
294 225.157 1775 182
295 225.255 1775 182
296 225.259 1775 182
297 225.44 1776 183
298 225.553 1805 177
299 225.642 1805 177
300 225.647 1805 177
301 225.74 1805 177
302 225.746 1806 178
303 231.958 1829 182
304 233.334 1835 184
305 233.469 1835 184
306 233.472 1835 184
307 233.608 1836 184
308 233.68 1865 187
309 233.755 1865 187
310 233.758 1865 187
311 233.829 1865 187
312 233.835 1866 188
313 239.81 1891 186
314 240.844 1895 185
315 240.957 1895 185
316 240.96 1895 185
317 241.096 1896 186
318 241.166 1925 181
319 241.243 1925 181
320 241.245 1925 181
321 241.338 1925 181
322 241.345 1926 182
323 246.947 1951 183
324 248.656 1955 183
325 248.769 1955 183
326 248.772 1955 183
327 248.971 1956 183
328 249.064 1985 173
329 249.135 1985 173
330 249.138 1985 173
331 249.212 1985 173
332 249.218 1986 174
333 254.836 2012 174
334 256.189 2015 175
335 256.259 2015 175
336 256.262 2015 175
337 256.372 2016 175
338 256.449 2045 184
339 256.52 2045 184
340 256.523 2045 184
341 256.595 2045 184
342 256.602 2046 185
343 262.138 2073 173
344 263.324 2075 174
345 263.453 2075 174
346 263.456 2075 174
347 263.581 2076 174
348 263.657 2105 176
349 263.729 2105 176
350 263.732 2105 176
351 263.803 2105 176
352 263.808 2106 174
353 268.736 2133 176
354 269.652 2135 178
355 269.728 2135 178
356 269.731 2135 178
357 269.85 2136 176
358 269.921 2165 177
359 270.003 2165 177
360 270.008 2165 177
361 270.091 2165 177
362 270.098 2166 178
363 276.569 2191 182
364 278.005 2195 182
365 278.081 2195 182
366 278.084 2195 182
367 278.202 2196 182
368 278.277 2225 179
369 278.408 2225 179
370 278.411 2225 179
371 278.486 2225 179
372 278.492 2226 180
373 285.091 2252 183
374 286.809 2255 184
375 286.882 2255 184
376 286.885 2255 184
377 286.998 2256 184
378 287.073 2285 193
379 287.166 2285 193
380 287.169 2285 193
381 287.248 2285 193
382 287.254 2286 192
383 293.4 2312 186
384 295.592 2315 187
385 295.675 2315 187
386 295.678 2315 187
387 295.791 2316 187
388 295.869 2345 183
389 295.946 2345 183
390 295.949 2345 183
391 296.026 2345 183
392 296.032 2346 179
393 301.579 2375 183
394 302.519 2375 183
395 302.637 2375 183
396 302.64 2375 183
397 302.762 2376 181
398 302.831 2405 179
399 302.908 2405 179
400 302.911 2405 179
401 302.994 2405 179
402 303 2406 179
403 309.11 2434 196
404 310.289 2435 197
405 310.425 2435 197
406 310.428 2435 197
407 310.624 2436 197
408 310.737 2465 187
409 310.822 2465 187
410 310.825 2465 187
411 310.901 2465 187
412 310.907 2466 188
413 316.458 2493 182
414 317.638 2495 182
415 317.717 2495 182
416 317.72 2495 182
417 317.837 2496 182
418 317.908 2525 176
419 317.99 2525 176
420 317.994 2525 176
421 318.074 2525 176
422 318.08 2526 177
423 324.73 2553 170
424 326.765 2555 171
425 326.844 2555 171
426 326.847 2555 171
427 326.96 2556 171
428 327.038 2585 159
429 327.12 2585 159
430 327.123 2585 159
431 327.203 2585 159
432 327.209 2586 159
433 332.29 2614 168
434 333.331 2615 169
435 333.436 2615 169
436 333.439 2615 169
437 333.578 2616 170
438 333.684 2645 187
439 333.767 2645 187
440 333.771 2645 187
441 333.853 2645 187
442 333.859 2646 184
443 338.869 2673 189
444 339.899 2675 191
445 339.985 2675 191
446 339.989 2675 191
447 340.109 2676 187
448 340.208 2705 190
449 340.356 2705 190
450 340.362 2705 190
451 340.499 2705 190
452 340.505 2706 189
453 345.407 2731 182
454 346.737 2735 180
455 346.851 2735 180
456 346.854 2735 180
457 346.969 2736 181
458 347.042 2765 176
459 347.125 2765 176
460 347.128 2765 176
461 347.211 2765 176
462 347.217 2766 177
463 351.866 2794 183
464 352.974 2795 184
465 353.057 2795 184
466 353.06 2795 184
467 353.18 2796 184
468 353.249 2825 184
469 353.329 2825 184
470 353.332 2825 184
471 353.412 2825 184
472 353.419 2826 185
473 359.399 2854 189
474 360.682 2855 190
475 360.817 2855 190
476 360.821 2855 190
477 361.006 2856 189
478 361.111 2885 200
479 361.2 2885 200
480 361.205 2885 200
481 361.288 2885 200
482 361.294 2886 201
483 368.177 2912 191
484 370.073 2915 193
485 370.159 2915 193
486 370.162 2915 193
487 370.276 2916 192
488 370.354 2945 184
489 370.43 2945 184
490 370.433 2945 184
491 370.507 2945 184
492 370.512 2946 185
493 376.002 2973 177
494 377.239 2975 173
495 377.312 2975 173
496 377.315 2975 173
497 377.441 2976 174
498 377.541 3005 157
499 377.652 3005 157
