simulation-time real-time total unconfirmed
1 0.0390534 0 0
2 0.0584759 5 5
3 0.0955118 15 13
4 0.0957302 15 13
5 0.0958762 15 13
6 0.0960541 15 13
7 0.101581 16 14
8 0.107095 25 23
9 0.107296 25 23
10 0.107442 25 23
11 0.10759 25 23
12 0.10843 26 24
13 0.198054 35 26
14 0.198303 35 26
15 0.19845 35 26
16 0.19864 35 26
17 0.202611 36 25
18 0.207924 45 29
19 0.208064 45 29
20 0.208208 45 29
21 0.209968 45 29
22 0.210875 46 30
23 0.356061 55 35
24 0.356309 55 35
25 0.356428 55 35
26 0.356606 55 35
27 0.361137 56 36
28 0.368832 65 37
29 0.369007 65 37
30 0.369178 65 37
31 0.369303 65 37
32 0.371418 66 38
33 0.472088 75 44
34 0.472313 75 44
35 0.472466 75 44
36 0.472666 75 44
37 0.476974 76 44
38 0.4844 85 45
39 0.484572 85 45
40 0.484722 85 45
41 0.485012 85 45
42 0.486982 86 46
43 0.673537 95 44
44 0.673822 95 44
45 0.673976 95 44
46 0.674158 95 44
47 0.678125 96 45
48 0.684085 105 50
49 0.685706 105 50
50 0.685854 105 50
51 0.685997 105 50
52 0.687037 106 51
53 0.896839 115 55
54 0.897095 115 55
55 0.89722 115 55
56 0.897405 115 55
57 0.902664 116 55
58 0.9089 125 60
59 0.909054 125 60
60 0.909424 125 60
61 0.910343 125 60
62 0.912447 126 60
63 1.13356 135 59
64 1.13383 135 59
65 1.13401 135 59
66 1.13421 135 59
67 1.139 136 60
68 1.14562 145 63
69 1.14579 145 63
70 1.14594 145 63
71 1.1461 145 63
72 1.14832 146 64
73 1.40669 155 67
74 1.40697 155 67
75 1.40713 155 67
76 1.40733 155 67
77 1.41261 156 68
78 1.41943 165 71
79 1.41957 165 71
80 1.41972 165 71
81 1.41988 165 71
82 1.42207 166 72
83 1.66206 175 75
84 1.66232 175 75
85 1.66244 175 75
86 1.66263 175 75
87 1.66754 176 76
88 1.67436 185 80
89 1.67454 185 80
90 1.67471 185 80
91 1.67538 185 80
92 1.67701 186 80
93 1.96806 195 71
94 1.96836 195 71
95 1.96857 195 71
96 1.96878 195 71
97 1.97369 196 72
98 1.98435 205 73
99 1.98458 205 73
100 1.98478 205 73
101 1.98499 205 73
102 1.98638 206 74
103 2.29755 215 65
104 2.29783 215 65
105 2.29799 215 65
106 2.29816 215 65
107 2.30247 216 65
108 2.31042 225 67
109 2.31057 225 67
110 2.31071 225 67
111 2.31142 225 67
112 2.31293 226 68
113 2.50362 235 75
114 2.50372 235 75
115 2.50396 235 75
116 2.50414 235 75
117 2.50923 236 75
118 2.51759 245 77
119 2.51777 245 77
120 2.51805 245 77
121 2.5189 245 77
122 2.52023 246 77
123 2.81276 255 80
124 2.81299 255 80
125 2.81315 255 80
126 2.81335 255 80
127 2.81815 256 80
128 2.82517 265 83
129 2.82535 265 83
130 2.8255 265 83
131 2.82616 265 83
132 2.82778 266 83
133 3.03431 275 85
134 3.03458 275 85
135 3.03474 275 85
136 3.03492 275 85
137 3.03943 276 86
138 3.04649 285 85
139 3.04652 285 85
140 3.04722 285 85
141 3.04783 285 85
142 3.04895 286 84
143 3.25736 295 86
144 3.25746 295 86
145 3.25771 295 86
146 3.25789 295 86
147 3.26244 296 87
148 3.26871 305 94
149 3.26886 305 94
150 3.26894 305 94
151 3.26909 305 94
152 3.27022 306 93
153 3.54651 315 91
154 3.54661 315 91
155 3.54669 315 91
156 3.5468 315 91
157 3.55283 316 91
158 3.56466 325 92
159 3.56477 325 92
160 3.56488 325 92
161 3.56499 325 92
162 3.56705 326 93
163 3.74681 335 84
164 3.74719 335 84
165 3.74743 335 84
166 3.74761 335 84
167 3.7523 336 83
168 3.76221 345 69
169 3.76237 345 69
170 3.76252 345 69
171 3.76267 345 69
172 3.7636 346 70
173 3.94195 355 70
174 3.94224 355 70
175 3.94237 355 70
176 3.94259 355 70
177 3.94845 356 71
178 3.96146 365 69
179 3.96169 365 69
180 3.96207 365 69
181 3.96357 365 69
182 3.96504 366 69
183 4.1542 375 63
184 4.15447 375 63
185 4.15463 375 63
186 4.15483 375 63
187 4.15826 376 60
188 4.16657 385 57
189 4.16777 385 57
190 4.16794 385 57
191 4.16813 385 57
192 4.16927 386 57
193 4.35292 395 57
194 4.35321 395 57
195 4.35337 395 57
196 4.35356 395 57
197 4.35775 396 58
198 4.36515 405 56
199 4.36528 405 56
200 4.36543 405 56
201 4.36559 405 56
202 4.36678 406 56
203 4.58438 415 59
204 4.58465 415 59
205 4.58478 415 59
206 4.58495 415 59
207 4.5885 416 60
208 4.59644 425 63
209 4.59766 425 63
210 4.59786 425 63
211 4.59799 425 63
212 4.59898 426 64
213 4.84883 435 65
214 4.84912 435 65
215 4.84932 435 65
216 4.84953 435 65
217 4.8553 436 65
218 4.86647 445 64
219 4.86671 445 64
220 4.8669 445 64
221 4.86709 445 64
222 4.86837 446 65
223 5.19868 455 70
224 5.19896 455 70
225 5.19912 455 70
226 5.19935 455 70
227 5.20428 456 71
228 5.21155 465 73
229 5.21221 465 73
230 5.21279 465 73
231 5.21296 465 73
232 5.21413 466 70
233 5.42834 475 65
234 5.42862 475 65
235 5.42875 475 65
236 5.42893 475 65
237 5.43293 476 63
238 5.44029 485 64
239 5.44046 485 64
240 5.44082 485 64
241 5.44213 485 64
242 5.44374 486 60
243 5.58849 495 62
244 5.58874 495 62
245 5.5889 495 62
246 5.58913 495 62
247 5.59437 496 63
248 5.60305 505 62
249 5.60329 505 62
250 5.60345 505 62
251 5.60361 505 62
252 5.60479 506 60
253 5.7576 515 54
254 5.75788 515 54
255 5.75804 515 54
256 5.75823 515 54
257 5.76319 516 53
258 5.77179 525 51
259 5.77195 525 51
260 5.77214 525 51
261 5.77234 525 51
262 5.77356 526 52
263 5.95293 535 57
264 5.95321 535 57
265 5.95334 535 57
266 5.95358 535 57
267 5.95976 536 58
268 5.9696 545 63
269 5.9698 545 63
270 5.96998 545 63
271 5.97011 545 63
272 5.97112 546 64
273 6.21536 555 64
274 6.21565 555 64
275 6.21581 555 64
276 6.21602 555 64
277 6.22063 556 63
278 6.22924 565 70
279 6.22944 565 70
280 6.22961 565 70
281 6.22977 565 70
282 6.23082 566 70
283 6.38682 575 68
284 6.38713 575 68
285 6.38733 575 68
286 6.38753 575 68
287 6.3917 576 69
288 6.39944 585 70
289 6.3996 585 70
290 6.39976 585 70
291 6.40039 585 70
292 6.40207 586 66
293 6.54217 595 66
294 6.54247 595 66
295 6.54261 595 66
296 6.54279 595 66
297 6.54951 596 67
298 6.55769 605 64
299 6.5579 605 64
300 6.55849 605 64
301 6.56247 605 64
302 6.56375 606 64
303 6.74791 615 66
304 6.7482 615 66
305 6.74836 615 66
306 6.74858 615 66
307 6.75323 616 67
308 6.75996 625 69
309 6.76015 625 69
310 6.76031 625 69
311 6.76117 625 69
312 6.76266 626 70
313 7.02348 635 73
314 7.02383 635 73
315 7.02403 635 73
316 7.02425 635 73
317 7.02968 636 74
318 7.0407 645 71
319 7.04087 645 71
320 7.04107 645 71
321 7.04126 645 71
322 7.04255 646 71
323 7.37787 655 74
324 7.37819 655 74
325 7.37833 655 74
326 7.37854 655 74
327 7.38484 656 74
328 7.39718 665 71
329 7.39743 665 71
330 7.39761 665 71
331 7.39775 665 71
332 7.39894 666 72
333 7.62033 675 73
334 7.62062 675 73
335 7.62079 675 73
336 7.62101 675 73
337 7.62609 676 73
338 7.63454 685 76
339 7.63474 685 76
340 7.6349 685 76
341 7.63507 685 76
342 7.63626 686 74
343 7.84437 695 69
344 7.84468 695 69
345 7.84485 695 69
346 7.84503 695 69
347 7.84915 696 69
348 7.85853 705 63
349 7.8587 705 63
350 7.85891 705 63
351 7.85907 705 63
352 7.86039 706 61
353 8.0423 715 57
354 8.04261 715 57
355 8.04275 715 57
356 8.04293 715 57
357 8.04741 716 57
358 8.0565 725 58
359 8.05672 725 58
360 8.05711 725 58
361 8.05796 725 58
362 8.05918 726 58
363 8.20296 735 59
364 8.20329 735 59
365 8.20347 735 59
366 8.20371 735 59
367 8.2087 736 60
368 8.21748 745 54
369 8.21769 745 54
370 8.21786 745 54
371 8.21804 745 54
372 8.21937 746 52
373 8.41022 755 55
374 8.41054 755 55
375 8.41071 755 55
376 8.4109 755 55
377 8.41591 756 53
378 8.42565 765 53
379 8.42584 765 53
380 8.426 765 53
381 8.42617 765 53
382 8.4273 766 54
383 8.64892 775 48
384 8.64925 775 48
385 8.64939 775 48
386 8.64961 775 48
387 8.65649 776 49
388 8.66858 785 54
389 8.66884 785 54
390 8.66903 785 54
391 8.66917 785 54
392 8.67047 786 54
393 8.9221 795 56
394 8.92241 795 56
395 8.92261 795 56
396 8.92282 795 56
397 8.92895 796 56
398 8.94025 805 58
399 8.94048 805 58
400 8.94068 805 58
401 8.94089 805 58
402 8.94208 806 59
403 9.27108 815 58
404 9.27144 815 58
405 9.27161 815 58
406 9.2718 815 58
407 9.2768 816 59
408 9.284 825 60
409 9.28416 825 60
410 9.28515 825 60
411 9.28532 825 60
412 9.28641 826 61
413 9.45141 835 61
414 9.45175 835 61
415 9.45189 835 61
416 9.45207 835 61
417 9.45636 836 62
418 9.46368 845 61
419 9.46386 845 61
420 9.46423 845 61
421 9.46513 845 61
422 9.46715 846 61
423 9.61822 855 62
424 9.61853 855 62
425 9.6187 855 62
426 9.61892 855 62
427 9.62311 856 61
428 9.63111 865 64
429 9.63145 865 64
430 9.63252 865 64
431 9.6327 865 64
432 9.63384 866 64
433 9.844 875 63
434 9.8444 875 63
435 9.84462 875 63
436 9.84492 875 63
437 9.85064 876 61
438 9.86002 885 53
439 9.86018 885 53
440 9.86036 885 53
441 9.86056 885 53
442 9.86254 886 53
443 10.0522 895 47
444 10.0524 895 47
445 10.0526 895 47
446 10.0528 895 47
447 10.0576 896 48
448 10.0669 905 50
449 10.0672 905 50
450 10.0673 905 50
451 10.0676 905 50
452 10.0688 906 50
453 10.2345 915 51
454 10.2348 915 51
455 10.235 915 51
456 10.2352 915 51
457 10.2416 916 52
458 10.2536 925 53
459 10.2538 925 53
460 10.254 925 53
461 10.2543 925 53
462 10.2555 926 52
463 10.4497 935 54
464 10.4501 935 54
465 10.4502 935 54
466 10.4504 935 54
467 10.4559 936 54
468 10.4644 945 53
469 10.4644 945 53
470 10.4646 945 53
471 10.4648 945 53
472 10.4658 946 54
473 10.6081 955 60
474 10.6085 955 60
475 10.6086 955 60
476 10.6088 955 60
477 10.6138 956 61
478 10.621 965 56
479 10.6221 965 56
480 10.6225 965 56
481 10.6234 965 56
482 10.6245 966 57
483 10.7335 975 45
484 10.7338 975 45
485 10.734 975 45
486 10.7343 975 45
487 10.7404 976 44
488 10.7522 985 37
489 10.7524 985 37
490 10.7526 985 37
491 10.7528 985 37
492 10.754 986 37
493 10.9537 995 44
494 10.9541 995 44
495 10.9543 995 44
496 10.9546 995 44
497 10.9611 996 43
498 10.9738 1005 46
499 10.9739 1005 46

