Time
61
170
203
4721
4846
5290
5260
6006
5125
5136
5177
10077
10378
5661
5928
5996
6118
6138
11149
6777
6853
10017
15042
3801
15157
15439
3360
10544
10686
11210
11198
11552
16508
11780
12030
15122
15076
9112
14960
15586
20621
9799
10909
15720
5929
16098
21306
11276
16007
22299
8783
19590
14104
14203
19342
25359
10450
19570
10055
8939
20365
25349
25570
20110
14041
15888
13366
15139
20724
15078
15910
9400
26032
16200
26292
11419
9286
21403
24859
14461
20039
14138
24026
25092
13673
8841
15254
24971
9700
25337
10020
24533
14862
4889
25413
14984
30589
25356
5000
15194
20530
10018
19983
25509
9653
25587
30801
26044
14826
19327
25736
26222
9867
16049
21285
20662
20367
25940
26083
15887
15524
16504
20261
10426
26502
26486
16658
11439
21063
13549
12498
9070
14252
24376
24997
24955
17954
18400
12572
8471
3124
14567
29660
19425
29195
29949
29995
14652
18559
14159
12574
14794
12751
8492
19875
14006
18760
30313
14951
35210
14410
24276
8349
24214
9895
20045
20017
29361
24580
30389
23961
24655
20237
25238
14802
5345
25342
17543
12771
9968
8841
10152
23907
4926
27975
24718
35056
14366
14287
9670
20654
5411
14714
20907
15519
25186
15974
35035
35048
41008
14675
35095
29970
19137
17352
10176
20776
21043
24501
14432
25861
9740
25473
31165
6574
16578
25259
31904
10283
36042
37372
26888
12547
18326
9800
18171
9842
28666
21928
13732
9936
4507
29633
4086
18955
44892
40122
13690
39118
39776
20167
23973
9811
29866
29574
10155
24538
9842
14274
19934
10209
4018
4215
9926
20265
39849
10115
19467
20283
19661
15175
4669
19407
18061
24277
25289
35479
8738
50000
43994
34405
23590
28189
24713
18519
18219
19891
45352
20266
29465
25224
9903
15705
9465
25169
24714
6532
21060
20577
11869
11579
16678
16552
25900
30622
19769
12986
9727
33517
29636
23341
33746
13688
43427
24361
49807
10188
9937
20303
20115
24834
14497
5151
26623
45227
35016
25055
25335
13594
12967
20335
14216
15333
10325
10242
24791
20136
12901
9955
4162
44421
34795
49975
19885
14590
34845
14955
29420
9019
40151
34613
4722
28991
29513
50408
19549
34567
34006
9779
28555
29702
55387
18932
19326
26033
26305
16483
26153
26049
16368
16419
20087
50159
26204
11869
45652
14182
23268
24649
14172
24267
52432
42147
38807
29853
24635
25094
47379
49780
49499
65167
29958
33252
55143
30198
30400
30714
35254
15894
20944
20640
13637
24921
30741
31038
34754
66324
21318
21015
14644
14595
46345
41175
15492
16463
24707
29367
14692
39669
24831
25393
19465
18680
35327
35738
35801
9935
36229
26040
31345
18809
61348
29879
56183
16319
26455
31531
36341
16674
21501
46771
51212
40861
23049
62940
39496
14098
29843
33477
19517
2379
24171
20164
20059
19964
14466
14987
34340
14856
9606
13810
30374
44975
20499
24508
15478
65154
15597
9836
16595
5312
31271
21365
25270
45702
26489
50866
25512
11934
21629
16076
45748
26282
31975
4559
21720
6958
22349
22697
16370
15153
50312
39443
35395
35061
45474
40333
8172
14612
60619
45330
45361
45939
25900
25880
28988
48678
26031
20429
16171
31366
14567
36143
6093
31314
35978
36291
31246
26557
21042
31321
10521
27302
27216
21751
18209
32326
37790
48157
12597
29969
29507
25098
33162
19290
22930
30123
79931
85229
25228
10091
55004
44204
33783
35191
40098
50077
30503
30245
25360
19577
20801
9534
55688
24949
31077
16053
10355
9347
10806
36453
36302
25936
31306
20444
26206
15671
14805
21549
19996
11680
41344
31334
77537
16845
11817
15075
14403
24855
18797
28561
14051
9458
8499
49184
39160
3757
13709
44885
18968
35117
45454
45150
39240
20100
19688
29375
20934
84905
74481
15285
10944
15804
10197
13560
70580
65908
41133
10583
24977
20404
30083
24455
31143
40464
47110
47099
26519
23116
39988
18426
8555
28060
72496
29937
22958
28647
8526
64569
64595
12394
13665
2714
13992
44759
40113
8833
50599
60317
28843
72799
25402
34049
60352
13231
70849
35610
15641
50932
9859
19459
44172
19416
20552
18236
40927
16078
54833
14922
45661
31620
26631
19676
10647
62405
37368
23476
69358
54736
44873
14795
64852
7548
58676
54988
49770
9385
50301
45044
23650
35385
35364
3146
38895
45573
39090
28965
35705
29261
75138
5076
14361
23912
29700
39289
25923
23764
36191
49978
60413
39592
29981
41233
46122
40947
36342
31176
31201
31487
35130
40549
21012
40092
19795
26328
21615
36520
31236
16620
80592
25833
30799
41671
23167
59973
5442
24742
30530
29363
29898
35101
36090
21890
25045
13484
13335
34243
21706
29390
63290
33967
39811
27810
54045
14976
14768
74047
59947
24450
14015
9937
18586
49853
43844
38815
9740
49895
44411
13762
21063
34481
54806
82435
19180
29750
78342
23905
24246
25208
30251
40188
26912
23671
64196
9527
19308
18332
24159
44071
12822
50408
65329
19765
50408
14406
45081
24655
74725
54918
19111
74635
19897
9568
24701
38728
83697
33546
24896
19590
28256
65330
55214
45487
55361
23879
49853
44216
77958
24049
55927
23388
15089
41120
9594
24848
25770
21478
30295
31136
100681
11912
40932
7999
48202
19470
14067
13809
38373
14477
69866
22290
34251
34001
44123
18538
15164
39892
28945
13622
49159
35073
23607
39336
44887
29406
14073
10406
14046
30176
24089
30288
55202
24391
25453
89607
34634
20115
84844
33391
26101
61042
30247
20285
10891
35175
10858
71178
39544
16228
19886
36241
17077
75559
32224
31998
24887
29199
24079
19430
20133
25144
58269
14929
18775
9270
38370
24457
28899
30387
35042
54810
49831
18863
19198
75603
58228
35171
19969
15764
80881
24742
11200
16154
26458
20167
70284
69574
66360
5643
11239
16535
67516
26367
23251
24768
19706
19874
13623
60031
8823
8713
19905
19853
54263
13442
4330
2223
8793
9034
40146
33583
29167
47946
14534
43028
38957
19800
34618
23425
29402
49930
20199
9117
12220
25221
14773
28600
33803
23691
29282
35062
45255
10347
15354
20398
25116
20325
20272
9583
4697
20429
30471
9412
9637
75049
65102
39629
42501
24976
19386
45283
58284
50155
43186
25440
69921
40094
39655
38965
75117
52789
19421
34821
39448
39068
38705
14847
38917
19585
38912
55617
14742
34682
31431
15154
30119
26505
55221
50445
26903
69840
37369
20787
27868
32325
20509
13187
9707
19720
14683
49822
39655
18673
14049
33473
25092
30098
39219
43905
53116
24256
10297
14072
44818
23095
10235
2222
34989
30964
49600
91315
26382
15166
45278
56106
69761
61131
5407
31240
11409
36620
40635
40367
50756
16678
34880
31565
39349
6542
27637
33073
18269
23307
38323
43567
44984
19269
70126
29561
7336
54014
25089
15527
50770
19718
46134
30105
29534
25170
44856
45926
44969
65627
70192
74609
20206
25226
16506
55747
25361
45979
30632
36657
36532
36668
46473
75395
61462
26275
25915
44998
56517
32200
30820
37083
36989
40793
27727
23290
23214
23294
32331
8466
24070
14949
19497
23538
28838
59032
23977
29239
29146
44737
23855
13826
48402
29962
29134
20453
33849
8111
9808
34521
50698
30812
20572
14317
2991
24974
34006
64231
103985
10682
23568
45599
25750
11213
40846
4940
14746
15748
15655
50605
9808
25187
21731
16453
9942
13722
33476
79471
49751
69782
18388
30027
19351
33945
19983
25765
30752
29605
29663
26168
20965
86336
80229
85426
26966
30553
29232
50260
39047
47039
56743
41738
96976
22523
35852
27200
67781
12806
12709
41406
47760
51498
103268
18329
73636
54133
62875
10964
49717
34460
39891
13838
33411
23245
30187
77197
13812
22278
23315
44669
55073
63268
20334
41009
46400
15104
15008
41554
31631
31841
20847
31923
10841
32982
12880
38796
29866
34852
28222
34653
73487
73516
13750
18451
23969
21712
49811
69675
45086
15194
48013
45247
55022
79295
24747
55402
45437
63925
87713
43545
15233
14195
35701
25555
83840
15707
70538
79452
14703
24893
15474
19699
45465
50808
25085
70718
36415
56499
56583
60495
66575
26044
56649
51518
36780
30617
32701
37322
79455
73045
79817
28928
23765
33547
19767
23524
19172
63318
44258
28775
31525
50061
49851
55093
54268
48685
39706
18069
60114
29712
14259
64661
34527
24289
23450
39717
29281
29439
9947
12855
25043
24352
19417
59706
24427
29334
24096
18900
39979
33414
24211
18809
18878
15387
79488
14845
10147
53565
40251
14190
12937
19133
19808
43977
34840
29933
35348
40460
64578
54328
49773
45206
39763
48614
34556
28939
48889
34074
23936
45252
18441
30320
38801
15606
45648
80747
35045
13804
24434
5502
18474
45823
29413
54306
55983
20418
20142
24470
25255
49513
16423
56010
20091
21251
16402
34764
16714
70380
60351
41374
41244
6541
14505
16841
26186
27112
21417
16060
26016
30113
27737
38841
32991
24739
22782
13647
84342
44452
19025
44722
34625
50391
95067
109325
115418
24909
53681
20571
10404
50383
43848
32868
23762
35023
70717
70560
54800
55682
20529
10762
38913
25578
50500
74364
65015
55581
20815
11081
141047
24826
65561
30283
40939
42709
39843
25125
130936
20211
26030
24733
63688
14981
59544
38671
36310
33927
14834
25118
19452
48768
37688
34410
23616
19360
34489
29864
34708
34650
119449
40780
8932
25763
25920
59305
40284
34198
55922
38555
15576
20063
79912
70773
65787
55901
44029
38442
39973
36226
45007
39816
30388
36560
16653
11454
21208
35939
16443
30716
11537
41598
25107
35765
45756
38168
28505
32691
23271
32613
30085
23347
9780
44435
27998
23438
60116
35243
13373
34445
30029
23981
13995
12392
23348
39913
13793
145036
63706
14930
60402
24519
14710
30361
119178
28715
30509
39271
14510
13069
25440
20934
24320
25656
4113
25071
60474
8758
24640
10141
104638
124429
85225
24993
99443
10203
29802
34062
21124
24696
41485
10000
35016
19200
29629
78799
14456
48423
38092
33710
30023
25183
25256
25404
18471
25567
44440
19339
9421
20949
55788
54921
6344
18637
38375
95602
45950
11476
86258
36363
10716
41335
36410
21509
30040
30359
35048
55134
55432
74353
21478
21364
20859
26545
30032
26612
61730
10106
11974
26825
11710
37051
18835
17157
10922
6444
42221
16506
49934
9408
19911
9788
19959
43030
44728
10245
30080
33468
35001
34794
54615
29900
24889
18089
15358
49374
24354
30386
33814
79958
59100
70511
10715
65620
43314
24040
34490
34527
63773
19854
15181
64291
30744
10721
110383
45374
14809
26304
31270
71280
25743
59993
35781
32220
22182
