113
283
389
4445
4802
10275
5657
6086
11965
10532
15197
10787
10829
15199
6460
17483
20037
8610
9970
19956
4188
20333
20835
20838
21248
21816
17033
16542
16268
9993
22523
20228
13823
20357
9498
20207
10477
18341
21469
26190
26231
14030
21186
14965
16151
25825
21424
11442
27144
9960
24922
30027
18868
18592
14080
25139
18437
7989
25758
14940
8630
19518
15346
19648
25684
23099
20579
19714
16053
31261
34799
24350
19418
14284
14884
8122
13557
23366
30230
35199
30251
8894
18523
15335
19948
19880
30096
27446
14885
24952
39871
19794
20472
34965
24822
35342
30002
36012
36636
15536
37590
27151
27390
44885
39884
44799
39642
14320
45135
40062
45043
40115
33473
23697
39547
13744
13003
29505
40489
36468
23552
40157
29922
40541
29953
29643
24176
13744
45460
18958
29770
24410
19956
39665
38870
35000
24644
29608
44870
41749
39454
28792
29513
15095
50368
45746
45298
38257
25423
15357
35248
9708
18272
29575
35500
45826
30364
25571
20745
45638
20089
20792
15615
25426
39098
35867
24524
25055
31185
25892
21102
25437
21375
48067
24427
34260
13858
10317
30455
34964
26103
16130
21065
36366
44449
14329
40849
51776
51290
45671
16223
35442
35356
44807
28807
49078
25487
50963
49994
55741
55989
45588
45482
15801
39497
15918
16550
40870
32286
10937
22670
19591
49735
59852
54275
25036
44197
35061
33464
33666
38920
30068
20100
39618
30339
49919
55329
50695
24128
45651
20751
60709
31011
44248
35612
16610
44155
28595
18175
47629
49174
28499
60936
25612
20268
25674
35821
29882
37774
41209
39762
45808
26477
40339
56107
41027
26953
36882
62231
57465
57062
72543
62429
57381
46487
49887
42371
32349
29647
49414
59630
34585
48420
64283
53274
40296
34412
24222
19745
40208
13185
33413
54521
49785
50299
40973
61044
50026
55853
41027
60949
71193
71577
68017
31418
41062
19977
24843
35714
35247
35332
61104
36465
46303
45358
46950
26954
32120
21105
67033
36960
47001
31985
16910
25695
21827
21614
22169
32764
57758
42938
23914
23871
40249
45469
54697
35591
24999
30901
49524
20086
35500
20599
50351
45780
8693
40787
15870
36188
11115
49985
31285
31009
46281
36679
46775
46687
26005
51151
56728
31424
31472
60164
56376
40726
47006
41049
30973
47002
10416
16569
67501
72644
41089
12558
37961
37992
60008
33405
35071
44322
70619
65409
50727
65017
40759
74715
40908
40751
34640
25527
61256
80995
73560
29589
25895
35040
45416
36338
26257
56708
27187
31314
24306
33977
80331
90679
55554
49460
28850
70010
75642
80002
35530
45735
55740
34430
45761
40282
25993
20834
25451
35627
90141
81499
86516
76308
58585
31638
57372
66552
72026
9701
59737
49814
27897
69916
14096
19384
22859
25033
29857
69269
70299
64300
55294
29544
30161
60414
9757
33456
44631
61139
76056
45831
51435
70658
91448
31582
86366
81687
45759
66397
89855
97138
49687
27688
35037
43632
35147
17588
19922
29271
10307
34841
88703
15757
38368
70355
13503
75136
30895
91509
66665
46589
31657
61467
80718
86777
52003
67102
61650
47111
51267
21881
67263
31409
36933
40562
20882
100220
59882
55205
40203
34647
31732
29532
64937
50327
49150
64758
94605
90324
40564
54702
50765
23968
40505
41407
40975
71266
81331
88795
46072
36525
71288
21145
25045
35252
56046
61527
32028
72086
86306
21584
65148
45151
54306
19608
71044
49359
95420
25840
70195
49402
59144
84220
66537
66559
45495
56384
85219
76652
19790
56941
107085
36360
71164
46926
36509
22376
69486
69929
63973
50183
60671
60426
73819
70430
60676
59467
80397
54893
44634
60237
81074
60870
32760
19223
29074
90398
50376
65724
71317
36402
55449
85900
40261
40094
81507
45212
70092
86239
66340
70957
35862
70620
46399
26466
56725
46900
76790
56904
57063
60805
96251
67376
37409
95646
101072
57222
66683
45743
36825
92852
37465
53448
58776
62548
59456
89820
69534
32872
63492
104936
60230
51525
35434
80679
60233
54304
35425
100865
60571
34486
85536
65723
34561
49773
41258
55361
86347
64131
46057
49908
121418
61692
81313
76061
46751
81335
100424
50288
70273
56944
75848
41005
35089
40884
43657
44277
103779
34394
98855
94934
68774
49988
59283
34806
68590
89788
19913
25374
79226
44655
65002
104647
45605
90610
54690
14486
40534
50419
41041
110538
70761
11519
30189
75508
60319
70325
35640
19947
31612
70990
107280
36859
55894
36356
51971
71009
47194
39394
39638
53435
53792
105293
130919
100624
100488
58999
130666
45602
125272
100893
60866
93868
75040
64944
49697
40968
79873
55027
44534
76508
14446
30258
55232
71424
34173
15457
61128
75668
59924
85161
30735
76684
94364
116597
94870
59238
65958
96075
61559
81509
32411
35090
59577
48250
129155
109436
115362
39656
28341
35030
39088
48810
23056
88840
45277
45096
50509
49202
55305
100326
54565
45236
25017
75946
72859
41066
70485
80295
89352
58702
60089
55173
35592
44067
65269
66284
30167
36495
66229
61081
26466
45864
46598
129332
81632
17044
24843
31819
86000
115744
111247
40897
114119
63230
73037
100046
38354
23695
19440
44347
19496
29672
95326
100075
85019
53571
79695
79535
84042
110139
29656
15214
19264
24980
60061
100079
75274
50425
30362
74569
68117
110429
74950
49996
33688
65269
40657
63430
105198
60133
89278
94787
50369
59610
38368
54478
84744
44114
115504
75914
71195
106040
35763
55905
34303
81319
26303
51662
56273
54876
118657
84688
94727
86560
74867
59988
109412
39374
58514
78366
60703
75471
28718
44945
49535
67328
24305
25884
19015
20439
34899
74207
99731
78584
65457
28959
75762
91230
39672
25694
49172
46772
46411
39421
50248
10197
65811
56758
80054
43653
24175
63600
50076
94014
77847
43044
69529
32245
10239
32232
74332
59631
39420
62728
43277
65070
43782
94126
50077
85375
55400
59889
28356
55694
104134
94902
83309
63358
80589
24935
49685
79665
44066
53926
60147
50135
110447
30073
18221
50680
43783
64635
54306
111283
61543
40000
24012
33691
74619
74620
77565
34996
45264
53761
69636
65143
59730
115405
69254
58980
29481
59031
58121
65427
50948
44801
40511
60724
37351
54171
25637
58235
104947
50964
109201
87684
69083
83770
46118
45955
100133
44851
65952
90138
45679
19794
45111
70660
36306
56184
71180
81202
70234
60134
79543
75383
34345
109871
71550
61278
45493
55257
60457
75506
89805
39077
60982
35711
75680
25069
60794
70604
75791
27124
87285
40908
50312
35844
50925
66742
46985
70420
40413
31841
79521
42113
43597
38258
159951
69991
63023
78333
54290
53231
42990
42415
49680
92680
60270
33515
38327
49836
43256
44545
32391
44785
87540
38805
80512
63018
44198
89146
42754
38997
83947
58045
58911
48417
100236
79468
70680
59694
110289
43738
55738
39650
29448
63930
111117
23993
28799
71482
34590
49635
105457
47185
66761
24719
33579
34714
49155
47201
54005
98460
113737
34738
29370
58836
89449
44505
65294
27941
79863
84651
90515
34817
54749
59513
59488
89523
39793
44360
45225
85106
73604
38281
66066
25743
40546
35130
76089
89536
30755
19694
30869
75377
35108
54222
111702
36047
39821
25947
26128
31639
59022
61679
56815
106112
47885
60192
56131
86571
93508
73087
79743
122032
140193
53531
109708
109562
107783
104068
34768
25183
70353
70882
69823
114849
54482
35044
171291
54177
61013
30753
51773
30561
59176
34526
100327
71545
171433
171826
30514
166884
153949
85690
45400
46317
50994
42366
62360
54623
42971
107646
48066
89049
39038
154414
35227
48897
48425
24445
20074
39803
44063
98991
25508
39769
13463
168978
75091
29214
155215
35923
49296
68035
26157
35741
40067
104338
75745
45696
35719
26121
30160
36084
39655
29436
95606
49926
55800
60538
66857
81538
101576
41309
156478
68530
55663
36819
86560
20394
156599
21241
54866
169281
63080
109468
107844
74550
54598
103875
54958
59760
99277
29408
44497
44269
39528
88649
24634
43875
44340
33571
48753
83278
68841
103327
61546
53503
58451
154756
104017
58733
38679
39049
64013
29580
40039
34791
123700
69743
153843
44961
40038
43622
150380
48938
19578
62722
29879
39021
34686
84364
79875
35034
119804
89806
39959
90560
93996
125157
79305
90641
69670
36006
81063
51021
76108
39534
50623
74586
45207
33662
83114
64898
145275
28122
60609
134740
29347
54495
90624
68465
74723
65223
110701
30466
49450
54313
29800
25487
24242
70056
45578
38496
29537
36352
60537
26260
79405
31576
70599
40962
89384
49657
55412
119453
14692
56009
122702
129347
29521
28345
59232
54653
44556
83887
114892
42816
62258
19312
58503
68754
20173
24317
39200
119574
33179
39147
59360
94684
29024
103212
109442
33508
54500
83797
110216
43374
44907
63511
65425
60087
72088
60875
31153
19822
39695
14403
80835
70818
115513
79114
73684
66144
69308
84868
74907
80359
41153
41200
79434
30603
34842
41898
61931

