Time
3219
5051
5281
5220
6114
6083
6324
5272
6376
6334
5041
6073
5230
6325
3968
7136
6061
9502
7387
4502
9967
5002
8628
5939
7417
5324
7198
11866
10450
9735
12913
11942
10880
7754
9057
9873
8809
6417
11386
8806
8533
7722
9123
10987
10211
6329
9238
7112
7070
4950
12369
9057
11474
12751
10657
9786
6782
8944
10431
8886
11822
6149
11186
10549
9730
7456
7481
10359
15642
6394
7582
9932
8038
4352
13817
12987
13584
17794
14637
14611
8618
6588
5489
10377
16024
6194
13048
11842
19269
7337
10672
11314
14377
13324
14866
11888
9840
8257
10811
14306
8507
10037
4300
9365
8420
8779
7855
7976
16561
8467
11395
7450
7442
11179
9417
6860
13388
20897
16708
8964
9331
7751
6577
8911
18019
10199
11428
12465
9011
11174
7588
20846
14294
18886
12712
13473
10649
10031
12329
12014
16440
10476
9140
7623
10531
7956
25422
20672
15767
19804
14997
10908
13066
19836
15229
10519
6494
8110
13488
17805
15695
19325
17368
16389
15077
10305
11721
15747
15024
13329
11469
11989
9114
9877
12526
21009
6568
19524
12184
13274
16448
24349
13378
9899
14480
11334
24633
13680
12238
12143
11929
15537
19654
11433
13841
13786
9537
9802
15045
9346
8719
11727
23280
25837
17224
8341
17213
14378
13019
10899
13980
18600
13285
9300
8618
10096
9687
5573
17736
4424
8597
8927
14096
13996
16809
22712
15806
12060
16068
13285
18249
13798
21322
17460
11262
14993
9198
11132
16220
18799
9114
8747
14182
26121
4570
25466
20524
9321
10908
9721
13652
12264
8434
4275
10310
11621
11106
13708
13587
3167
11662
13630
14329
7695
26406
8818
11399
4155
16012
22432
34509
17847
19574
8297
19142
18386
13946
17169
18073
20924
18611
12271
16953
15976
11550
17086
8535
7320
4931
8257
7339
13257
14167
11646
15116
6763
10648
10953
3982
10028
12902
12327
12208
5165
5085
4152
13744
8681
17472
7463
10425
13016
10642
6100
11565
13973
14647
11057
10210
11690
7843
13869
9922
6297
5812
4924
11485
15578
10757
13048
8384
7917
9856
4915
8410
7276
6912
12269
5898
6794
9878
4330
9860
11008
13997
16543
9791
10070
11612
14830
13036
24963
24304
8510
12380
21181
22112
22894
24785
10904
19742
16059
17289
16315
8834
9961
14797
6538
13889
15088
5237
5092
8970
7258
16629
7137
12991
10158
14002
10273
8652
15500
4802
9507
8713
8225
14450
6373
12698
14002
6035
7719
7377
5096
5905
8938
29861
9479
11618
5700
5373
12495
7542
4936
6113
19211
20247
22378
3414
16077
9399
25382
23966
26738
28161
3774
23602
21298
16589
13567
12629
18516
9355
28975
28036
12587
10449
21216
26187
19888
19354
11786
11822
10000
9872
17669
17493
8665
22617
28621
17033
4848
15506
17083
13379
14002
18653
15133
7722
12069
6473
10109
10301
8337
5362
8351
6741
10121
18072
6127
8366
7900
14202
5537
6317
15321
5172
19895
19142
22902
18420
19298
14597
17191
11677
13311
11716
8825
15205
25260
26976
28105
34873
25283
20271
12998
17808
20231
24306
22139
20588
10196
14297
8891
9989
17690
9039
17356
14947
6413
11806
5876
12619
11383
11491
10874
11912
10072
13303
7612
10138
5862
7299
16361
8625
11261
12618
10084
8308
7445
5024
8550
7950
4224
12333
11384
9892
5526
16625
20977
11146
20066
24632
8819
14725
17290
19574
18493
9444
6500
25746
13143
4725
22569
8585
12159
19979
23096
14365
7666
5405
9377
5069
14003
18878
11223
7892
16923
18940
15729
18479
14790
13745
7464
9446
7445
17042
19595
18503
12800
6841
12627
14099
11899
8434
9673
10289
17843
7296
14944
13944
7674
5585
5469
10974
4664
8318
5072
10503
9166
9310
8693
9352
6287
8254
10675
12734
4782
7845
9213
13763
15038
7238
6617
7544
12418
27580
35602
9328
9643
26828
28367
7628
7110
4804
22312
26131
6835
12392
8469
5986
14659
13243
17751
4934
13569
12249
10771
19990
10332
34458
28604
9399
9449
15957
5958
20693
27263
12785
10775
9318
10579
15851
21685
14699
6033
29592
17560
20417
24918
26975
28534
9411
24940
16400
8849
15276
13035
8594
6003
7624
16895
7264
5840
5014
13678
9663
11153
11492
12702
6433
11745
7142
10319
7712
4958
7348
5748
8694
6876
23924
28744
7048
26047
22907
24867
25329
8761
13168
18842
22630
12711
13828
10063
10228
8885
7191
6231
14277
6311
14243
23852
18626
25231
25976
18045
14641
20620
22987
16680
7757
11078
9514
11262
14800
17215
10605
7708
10353
11729
12774
9540
9075
9021
10823
8234
10338
7617
7687
25637
12841
8044
11219
7702
10952
10114
12351
20077
12413
21504
22484
18675
15736
16795
16215
13249
10883
7118
13072
27518
6683
9421
13645
15936
15030
19801
6767
9401
32162
33771
7904
9266
11474
29099
28969
7577
7675
9297
8890
22640
27957
9617
19985
14936
5896
10913
5403
9458
4644
8250
7746
7007
12129
10902
5731
11081
4378
6139
13959
10617
19027
8981
14366
13915
14543
18199
19601
23177
25807
18386
14983
8895
7983
19668
13537
13779
10767
12179
9530
11238
11317
7476
17487
14809
11198
11543
12061
10160
9474
8372
5083
7462
14338
6249
7715
11119
9151
15499
9759
9700
10222
9824
6502
5616
8840
16105
14491
6273
8359
11998
13769
14851
5538
10895
6238
8022
6501
8111
7911
14771
6571
12150
10862
13744
12726
5022
9896
12215
6405
9185
9276
7586
5759
7693
8637
6084
8569
7444
4024
8609
6545
9177
7606
7683
6099
4306
7224
4522
3910
6825
5532
6892
7939
4910
6207
4290
6092
8330
8526
9770
9636
9068
21162
23707
5656
19629
6674
11084
7805
9275
11795
12517
13925
18130
8193
10841
4810
17513
10136
7834
6380
7461
17459
14895
14499
10375
12850
13744
10776
10050
11371
9064
9775
8735
7497
9097
7637
5524
5519
8369
5833
7894
7375
5651
5605
4570
9251
9631
18084
7089
22136
22737
25824
32093
17615
15981
15772
17369
19543
20796
19295
3316
5382
8382
15447
5258
10736
15035
16550
15963
14172
8451
13515
8883
10694
7011
6050
4931
10825
4903
4463
4168
7867
11414
8363
10716
11875
10001
12190
5513
19881
20578
9431
18616
16510
10309
8123
4654
7106
3971
11482
7824
15789
12908
14989
8718
13654
5748
9548
12669
6387
7485
5428
10401
12191
7528
5407
9887
8271
8036
8811
7738
11879
18195
11032
12379
12356
4389
4948
8679
8920
14250
15000
18894
18904
4212
13158
11680
9933
11085
14645
8163
10726
10453
9793
11651
5742
6513
5486
7004
6461
4661
4993
9504
13535
13961
7106
4962
9241
8921
5283
8258
6608
8395
9482
7356
7134
5774
4503
9463
4728
7328
3993
4947
10534
8881
7892
11817
6765
7365
4242
7283
6110
7591
16779
11838
15766
11243
13547
12689
10605
10263
13859
10682
11670
8126
6844
9171
8144
9996
12076
10982
14683
12711
14190
9874
20998
7870
17986
5610
6102
5361
6142
7789
8845
14284
15154
9630
7592
6440
6108
7810
7235
5355
10829
5826
6119
7946
10058
9376
8852
7808
6019
5849
8651
5381
5515
4595
7089
9238
8271
5395
14019
12099
11682
12130
6892
9330
7568
6031
6855
14997
11855
6871
11898
4927
12116
7514
3931
9483
11040
13233
11713
6476
9464
13354
10296
4247
10934
11446
6067
7002
10519
7801
9688
10164
11791
12512
40319
41571
40843
44378
44582
8607
8426
5665
20220
4156
15260
9178
4816
2869
8395
7905
9222
8121
15283
10415
11456
11159
10531
11609
11535
12303
9345
6553
9213
7096
9432
7926
12016
15662
9545
14484
7922
13247
9991
9716
8471
8046
6512
11702
5317
9198
7583
5822
8964
16142
7191
7830
4560
4629
17919
17041
5329
10409
13516
5124
6431
6021
10997
10327
10283
12092
10063
8177
9958
6054
7886
5742
3490
7946
5834
21629
21046
20014
8901
17243
20005
19986
6023
9417
12803
9951
12223
10968
7209
7994
8472
6127
5328
8278
7829
11555
8992
9323
7963
5487
16136
7441
7206
14947
16020
18827
9934
6630
8491
13967
13515
13939
19740
20774
22483
4816
10811
12477
11487
12933
7341
8463
8988
13832
18978
18562
13020
9375
6635
8273
7383
7780
16099
9105
6710
6771
7330
14214
14884
8878
8424
10132
12852
8363
11636
11658
8408
9952
7777
8175
6645
9021
12035
10450
10379
5987
9485
14189
9299
9250
7154
6689
8503
9987
5278
8125
15153
9077
5489
16817
19966
5912
5596
8849
9722
5143
6114
11017
13503
5480
8487
11019
12909
11076
11321
12360
11281
10209
10617
8235
8369
9193
11921
10144
12578
8641
9391
6012
17111
15612
10018
8841
12123
11061
14748
9529
10073
11461
6539
10499
8139
7727
7098
15377
12222
7414
8861
7593
6515
14918
9799
11553
10479
6541
8826
21473
9874
8886
11744
6127
7613
7079
9639
8662
10643
8950
9631
7520
7893
9769
6897
7960
15286
14200
5458
9457
11424
12539
7265
7062
7871
6217
9973
9213
7827
13843
7867
11447
6416
8445
8511
8029
10855
16940
18070
5209
7477
10208
6632
8099
8080
9578
11467
12940
14636
10221
19185
7424
10329
14905
13458
12662
8753
10489
14096
6190
9658
8095
13452
11039
8128
10439
12230
8366
9931
13252
7138
9887
8254
6729
7215
5727
12852
8401
6866
14036
9619
7648
9236
4631
5916
11941
11004
10019
11646
14020
10303
6481
7749
6152
11824
4503
10071
3809
8441
7046
14447
7600
11376
6825
20293
8612
8096
11991
10831
7034
10097
8073
14544
10356
4965
9564
7233
7763
7062
23712
20059
20233
6176
13094
15197
7272
4662
10380
5486
9400
5976
7134
7747
5657
12800
20893
22279
12982
20126
16981
15037
11346
8784
12504
8201
13162
26216
21945
4876
15387
18562
10393
14340
16112
12896
11911
10863
9459
9014
10341
8182
9446
9441
9869
11668
10064
5475
8235
10954
8302
7380
10003
7211
10954
9056
9331
6630
6146
9401
9424
11280
8653
10440
11597
16218
30680
32291
34598
24581
28307
8640
18034
23127
24096
23804
7814
9173
17183
8324
7837
5627
16005
16848
18650
10149
15290
6071
6703
7297
5421
6064
9068
11772
13865
6105
8962
10377
7937
11145
11986
8830
10463
7277
8774
9547
17557
10169
6576
5023
8385
15751
18744
16743
21859
15516
8202
6188
22378
14939
5669
10638
12669
9518
11486
9035
6038
7680
6092
28874
9708
14051
24140
17813
19430
7098
9278
9220
6821
11883
6010
9580
9233
9110
6781
8639
12971
18036
6865
11888
13557
16702
10328
15007
15121
9604
8949
6647
10607
8273
9503
12371
10093
8431
16501
13743
8601
11590
6984
7172
6434
9050
10875
7904
11774
11867
6512
10068
6988
7313
10935
6591
8552
7447
4942
7539
8885
10184
11814
10804
6302
10424
16181
9956
14377
14530
5279
11157
9675
10088
22777
8086
12154
20992
22083
13402
5473
7687
5469
11639
7355
9314
16877
9013
16898
14960
12807
7672
6096
12789
11373
7753
10972
10864
10890
4695
7096
5937
6262
9071
3906
8308
13783
5603
7499
10357
10641
8631
9820
16768
15563
7198
12336
7982
5123
6819
12333
6844
3152
12960
4367
8014
10465
9778
8643
8128
26092
26814
7534
3548
5655
17126
10516
4930
3568
4323
20012
9062
13133
8431
10924
12833
21558
14950
8307
15643
7036
10045
13413
7503
9910
3364
5187
10418
4123
9357
7883
7269
13961
5968
9131
11435
11963
4350
7759
8458
12617
13802
6384
8519
9515
9411
6582
10623
11541
14030
17706
13908
7837
8559
11147
12103
19013
8521
9204
8063
7761
4333
12661
12538
7391
11803
12716
8907
14308
8056
9233
11597
8809
7496
10040
11983
13132
16984
7930
8679
8438
18247
7911
9236
5139
6399
9717
12064
3937
14315
13034
15980
11080
18281
11209
10661
8768
14095
9578
11006
8544
8792
9900
8795
14453
12482
11714
8847
10599
8434
9480
9634
6900
6930
11966
7295
5613
14271
6774
8684
8232
13913
7068
35433
37800
35843
4971
5623
6764
16447
18732
5810
11557
9843
3945
11300
4884
7484
15048
9771
11885
3888
9700
9680
12117
7648
8364
10190
12135
9444
6777
5260
10882
18122
10385
11419
9322
8141
8887
10226
4430
5281
8280
8440
10270
9350
6026
6767
9194
5614
7850
10876
13503
4945
9910
5018
7241
6810
5041
8935
8952
4764
4203
8222
7826
7367
6054
10002
5680
10058
11141
4981
7106
9145
6317
11486
6368
5266
5418
4126
8065
3906
14844
10545
4693
4620
14524
11094
5993
4859
13488
6041
4558
4526
6792
11047
10345
11407
9968
9060
6544
9981
7138
8905
5302
9445
4716
6273
5607
5172
4580
7844
6812
15746
7188
5937
6872
14969
5790
6864
5069
5408
5057
4686
5722
4774
13112
12132
8628
8691
6335
5364
8264
12439
4006
4182
3824
4983
14934
14387
19225
11857
14487
14159
18255
12505
9435
4944
9989
7519
10231
9989
4642
7872
11865
5075
18406
10020
10001
15581
8430
12895
14679
12950
4665
5246
12059
9217
7811
9978
3820
7677
9975
7140
8121
8137
6167
7304
4082
5394
12113
5473
7304
9811
4067
5184
6368
19542
14251
6015
4972
7840
9936
7449
7369
11884
5309
7005
10805
6757
12859
10970
7382
9551
8459
5780
13835
12366
13131
7845
8243
7496
11574
7840
14453
5577
6932
12850
13448
15191
8106
10256
10189
13704
8435
6246
12667
11605
10248
5219
9981
8300
7212
10129
9559
7871
8514
20777
12248
17658
19688
23569
18276
20385
6920
7952
17631
10065
8385
6236
10215
4441
9376
11183
12259
10090
11164
10145
8847
11994
10627
7839
9591
7094
11865
15239
9893
14056
10799
11401
12481
7424
8755
21120
23215
18948
7924
18285
9574
8955
16787
7463
10072
8437
16616
6618
10738
6718
9859
9648
11819
7780
6396
11493
8283
5858
7227
11762
12337
8417
14265
7400
9062
9523
10622
12302
12271
7322
10583
8969
13606
11576
10142
13702
10099
9011
7578
10054
8357
22289
19947
10093
8193
10061
9998
20140
20920
16006
8695
14520
10652
8289
13466
15761
9048
8646
8600
12717
13320
7899
10740
7962
6613
20631
11303
18067
12559
15183
9235
10081
16410
7659
8383
12433
11652
13582
7383
10361
6388
12067
5455
11807
6059
8871
11003
10547
8663
10288
8761
9556
10691
15873
16883
19541
20074
5697
5696
8955
10030
14687
4997
7444
6569
7542
8680
8792
9320
8282
5315
7588
11447
14869
10999
5199
12647
5293
12901
4084
5814
7650
16941
19014
22062
13451
3963
7940
10298
16075
12781
5267
10900
12004
4246
7596
6914
13180
24336
4183
7846
11619
4690
7025
15907
14918
14708
10098
13172
3644
11507
13222
10533
5868
8850
12436
5028
4278
6020
7111
9542
10942
8753
11507
13893
10224
19196
9770
9801
6868
6853
11530
8036
6100
7844
5089
8820
6818
13628
11440
12635
8241
9693
17201
17903
6820
4791
11471
20141
10703
9223
8821
9645
9562
8501
9938
15359
11531
6715
7523
9395
8657
6675
5884
5098
5586
4682
5632
5552
7268
10712
11011
9607
26044
10019
6073
6902
11463
8699
7813
7927
5798
7613
6565
10632
5619
4667
4769
4358
19018
12065
12876
13938
13119
10357
12555
4656
8838
13339
7834
7561
8668
5143
10915
11931
12650
21673
19058
13309
16696
19885
22156
13673
10507
22557
8266
16050
13940
16756
17154
14662
12221
13935
22050
21569
23156
21569
21046
7903
15854
19656
12428
12020
11875
14254
14272
12425
15311
10415
11503
7289
10174
6351
25772
18451
13941
19477
18817
10994
12726
11114
14162
14289
9769
12042
11096
17137
8258
11379
10513
11153
9541
8383
12850
7764
10499
11928
12914
10294
7398
9708
7897
6628
5130
11418
7524
10013
14283
10694
8327
11847
10268
9143
7059
7303
9596
12467
11642
10350
9958
9541
8906
9898
12083
8947
7062
6718
8531
7638
4590
5648
4723
5306
7593
7520
4935
18708
11011
13416
12007
13545
15213
16238
17389
18143
4220
7327
4826
10804
9779
7475
11569
11521
14312
9934
6213
5514
13688
5317
6879
10031
11873
11192
8850
8595
9997
6861
5037
7138
5278
5452
4990
3954
16914
16097
9948
13206
8508
10173
6223
3563
7642
5848
6333
6744
8906
11637
13201
6320
11424
13089
14423
5257
4397
7187
8242
5138
10575
4611
7406
8260
6810
12861
15366
8730
19277
16180
15257
6182
12554
14035
10551
11924
15049
10177
12584
6193
11728
5367
7129
7994
8839
12283
18094
10267
13307
15497
14438
11368
9684
10256
8340
10081
9385
9547
5760
12876
9738
8447
6238
6879
7279
5575
7943
7080
15495
16217
10429
10454
6661
11125
12231
6664
5876
6544
4524
5022
6136
16018
10468
12735
11631
3523
9930
15068
17111
18191
11344
7266
7197
5225
12393
6937
8866
5987
5886
9155
12109
10701
9264
10369
17574
4374
11281
4916
21021
22318
19971
6356
19279
12160
4246
9743
5821
15053
6056
11102
10076
24335
23424
17418
16386
11089
16126
5140
5833
8841
7509
18829
14366
16552
17359
13475
11320
14135
18718
10336
5011
12906
15423
10523
7120
9873
5055
7142
17028
17785
15393
16520
20091
9101
10483
5595
7777
8531
14523
12049
13156
13108
8976
9973
7840
13322
10728
8382
5884
6572
8130
11943
16755
20589
10906
13845
7634
7589
13892
13200
12189
5307
9704
6717
4689
7222
11753
9994
5093
6476
5577
7971
6883
5769
11034
12240
8853
10065
4698
16044
19395
18476
12309
13200
17036
8993
13130
6527
8257
8978
9775
7037
5584
10705
13474
12385
6211
10162
7393
8411
13477
8236
9389
7384
9107
7911
10648
9341
13019
12327
8016
11968
6673
12081
10484
12483
15871
11900
13888
14888
12813
10264
8160
9649
9058
9255
14871
8915
8821
7635
15206
9404
5880
9532
10997
10762
7576
20081
18924
14734
17625
7298
8662
11388
8927
6144
8937
11928
4506
14702
14175
11118
12125
6011
4651
10010
12947
10643
11464
14127
8916
12090
16428
11277
7019
13903
9282
5417
13138
12920
7251
12849
4566
7421
7625
12311
10958
5863
12703
21798
13185
15731
17790
6949
6359
11020
10572
11285
11246
3897
8367
17131
18092
11309
7332
10169
6436
14871
10053
5078
11751
13539
9557
8160
5709
5805
7930
9189
7033
11674
14416
9913
11573
8326
6925
5491
17389
13223
16021
10435
11151
8507
6896
6825
7606
11844
6987
15268
6545
9392
11368
16483
15468
14109
13574
12345
5592
10665
9527
12526
10166
9397
9070
9784
6863
9194
14438
22348
14692
6912
6625
8319
5251
7844
9709
12666
11916
9951
11528
9946
9979
11273
9921
12312
16750
15927
8895
5235
9164
5194
9942
7641
7154
9510
5029
6771
8976
9998
12492
8644
5534
5433
6889
17445
18697
5469
11732
12730
15745
8671
4786
10070
10714
13114
7188
12625
11032
3904
5371
12501
13373
10078
10787
9845
11978
10347
5391
5697
5581
7146
10073
9956
15898
9315
11089
7972
24240
10064
6971
6892
6271
12586
4006
10002
11796
9406
8886
7135
10131
8911
14969
16716
9896
9284
11023
12913
13674
13512
9664
7168
12414
11284
6712
11045
13199
24795
13974
13160
11281
8225
5090
7160
4625
12632
10261
9283
10440
6418
11472
9761
7229
8874
10141
11273
11191
5009
7864
7784
8659
8469
7965
8686
11150
8182
7148
6171
6209
5070
5476
11099
6772
5826
9088
11848
7303
12128
5890
6298
6308
3927
11806
7917
10750
11437
10299
10933
15364
12029
14332
13221
5521
9607
13883
14906
10151
11669
5025
5841
8061
8889
10175
8040
9644
9518
10015
9192
10459
5085
12155
9602
7306
9171
7532
9489
11173
5555
9874
7962
9975
14571
13918
16071
20305
22111
13155
8036
12531
7700
10682
7750
8509
5450
10432
16679
13095
12429
10533
9425
9454
16178
13009
18462
22997
14141
13851
6502
8418
14382
9272
18119
8951
13089
11881
14218
8965
12914
6607
7893
9346
14007
6863
14701
8314
11930
16399
7889
13555
12410
11924
5009
8074
9324
9732
11658
9349
4875
8321
14177
10805
10093
15023
8738
11652
9098
9784
6785
15065
12111
7740
10389
12816
11643
9952
21914
5067
9073
15179
7830
12370
6166
5752
10235
8482
10747
7411
3493
5353
20661
9934
6235
8134
17101
8620
14370
16965
19150
6372
6039
4910
17023
12339
10946
13166
9320
8928
8549
8433
8060
4501
8658
7252
12701
8730
5123
4966
3666
14673
17225
18444
15710
9197
5167
5144
7573
8324
4839
9365
4310
16387
14815
14204
11170
7376
10271
15864
8532
11632
5735
14305
14344
8654
12015
8590
13835
16041
8899
10808
6585
9718
8604
11509
16029
15816
16602
19242
16473
12584
17574
15899
9117
14967
6862
9240
7771
13164
10412
10451
8169
15744
9662
9437
8590
7791
8474
7253
6291
9628
11192
6034
9468
7600
6581
9239
11129
11488
19322
6565
6853
5901
12512
11482
6367
9098
5858
7546
9080
6583
5356
9160
16303
7960
8346
4286
7717
17761
7355
15471
18649
13753
8616
10448
10589
6804
8572
6222
10122
7628
8520
10229
11544
9020
9033
6811
10177
10961
12130
18235
21757
9076
6317
7942
6354
11722
14522
5744
16507
9043
18545
13762
16580
18825
16073
7994
10788
7493
12633
10128
8518
10818
11268
9030
6582
10927
8198
7892
8982
6869
9037
14586
13474
12085
10758
7365
9365
11985
9365
9730
8375
25573
29401
19981
13060
8285
17739
23355
18271
16602
6487
12467
7282
6445
9062
9993
10573
25460
7139
23975
8612
10750
9340
8464
7479
12015
9046
12527
10363
13717
11370
12044
16235
8992
9725
13874
14983
19288
13187
9395
7040
12941
11516
7780
12794
6934
6917
10207
10421
9314
7406
3794
10447
10750
10018
9375
14034
20701
3729
11504
6482
12746
6114
8311
7571
3802
7527
7035
18592
14945
16478
8475
10292
11512
11488
12402
14461
8252
9206
10319
10162
8746
5725
8032
12536
12570
12051
12976
4967
13192
9254
9037
13029
9067
9811
11959
7121
16043
4893
11141
9695
9843
5189
8252
6694
13334
5417
8587
10487
19979
6357
12646
11161
13929
9509
6281
9936
8597
7348
7181
7387
11812
13884
7955
11220
6924
11251
6277
7629
9834
6104
6730
12716
11445
15112
9825
11048
7901
10118
5149
8345
7101
6736
4099
16376
5751
6998
13297
8352
6314
8878
11445
4191
7635
6915
9345
10564
13653
7344
8906
13754
14937
5658
6676
7790
9714
4507
4945
6776
28160
24003
5511
7126
8230
4562
16908
19055
15522
17289
6837
10307
13084
13965
9487
7104
11882
9442
6887
13957
6643
11767
10519
11155
5489
5861
7391
10538
6234
9451
4873
8819
13308
8973
11198
7574
7827
12643
20891
4949
5448
18331
6668
7099
5466
9981
17810
4986
11733
13966
9280
7707
8030
7330
15959
12946
9934
13133
7464
6436
8239
8562
12015
18081
37597
17161
5411
9405
4555
7472
10286
17033
5301
13624
7732
9506
7199
6779
5562
7235
6661
8841
5610
4550
4993
14792
5213
4856
4220
7496
13457
10786
7473
9295
6913
6673
3868
17716
19914
12627
6676
3917
11529
8687
7095
6520
6044
15061
5709
12316
5003
7774
3884
11885
5231
4725
7644
9645
6595
9858
12839
16928
10164
11736
6841
9112
8066
15890
17670
12975
6059
7007
9764
4199
5532
14725
3681
4921
5358
5317
10505
13867
8515
5842
9896
3933
8816
9832
8288
7608
15064
14191
12410
6337
5469
17692
8157
7797
9253
6103
6574
7088
8526
6747
15426
8058
5571
5469
11370
12699
12665
4569
6056
6397
8108
12889
4663
5577
26726
24366
21566
11723
16527
15490
4959
10560
3542
33826
26146
22664
5786
11263
26080
31859
31508
32968
34629
38989
36199
42321
7102
4749
5415
14235
18906
24039
27159
19953
21843
20828
11564
11638
3753
13930
13342
17653
9931
12884
12888
14841
15859
10690
12380
7518
6862
9228
3967
7173
5529
10007
4754
3664
9227
9710
8862
7755
3765
9981
9731
5149
8067
4695
7435
9704
6467
9608
4457
5705
16847
14588
12907
11790
5005
6805
9630
9985
5500
11077
12513
11844
10785
5298
9964
6088
5350
4654
4978
4607
12898
14336
12105
9890
17717
10279
9152
10308
6419
7848
7826
4990
7588
4484
3945
3648
8108
2792
10485
15050
5640
7768
10236
9947
9240
7119
14182
11380
11535
8150
7644
9470
5795
9943
7775
5076
6172
9931
8671
8923
14277
14903
12458
10144
13483
7179
8666
8897
9941
12067
10767
5011
7376
7164
8990
10560
15822
12323
7135
4448
9468
7641
8999
18730
6630
10633
11750
13935
13137
17038
9934
8161
10545
9543
6088
9985
8952
9239
9249
4758
10756
6847
8929
8581
8680
9016
8162
11693
5563
11099
14621
10680
8574
10058
8741
11158
7849
6315
5346
10424
10784
6812
9976
9584
9533
11778
7905
8581
26030
10785
9738
6354
7434
5396
10512
9185
8520
10404
9374
10512
9240
7648
6059
8894
7785
7109
8236
6551
8655
7624
10221
9633
6428
8937
7835
8665
6821
10002
5782
10029
12126
6371
8180
6648
5688
6023
7630
10785
6066
8191
6306
7082
6821
7874
9666
6064
5741
11053
5694
8076
15972
10736
9807
13229
13990
13861
13221
8168
10365
6028
8177
7747
10752
13415
7074
9976
6045
4726
8520
6296
5239
4846
4466
8539
6009
3906
9110
7018
10278
8166
8364
4154
4916
9790
7427
3668
8489
12341
8979
5779
7624
6870
5251
4928
8690
3971
7662
9187
5258
7144
5030
6091
6656
7640
6389
6807
3618
6343
5264
4264
4325
7823
5681
6064
4990
4070
13724
17883
6430
12548
8177
9713
11007
9650
5792
7114
4772
5274
4014
5102
4123
4092
14942
12067
14160
9198
11010
7854
8176
8936
9425
9725
6062
4999
4501
4213
5139
6411
7464
7237
6191
7875
6052
8840
4228
6080
7820
11086
5823
6876
5267
8628
3943
5838
4879
5288
5332
8230
3894
7233
7223
3698
6087
5126
7458
6099
7066
6827
6802
3635
10000
6073
6052
3832
3409
6007
4978
8962
5908
6908
4181
9217
6345
9201
8655
10046
5437
7854
6059
6772
5281
6082
4990
4967
5789
5003
3649
11061
7904
7500
6315
8145
6810
6032
6781
4200
4876
3182
5720
8670
5004
7337
4222
4919
7185
8234
5010
7066
4727
3695
5703
6872
11054
5008
9186
8122
5030
4218
3966
5315
6322
4271
4020
4250
4476
4266
3272
8592
4931
8955
11829
4741
7624
8693
4996
3923
4988
3701
3880
4237
4311
9990
5789
6812
5021
3653
7145
5245
4239
4313
11016
9979
3947
9747
7937
8989
8979
7093
16094
9738
4916
7027
8905
8382
4980
6303
6023
7423
3943
3242
5765
6834
4622
8124
4588
12520
5828
7074
6011
3916
9222
5012
7135
7880
5285
7628
5003
11851
6524
3703
3184
6919
6808
7569
4989
5752
6297
8249
6130
7464
5406
6215
3361
5126
7848
5010
3984
8924
6052
3934
8440
8101
4590
5245
7094
5672
6887
8157
4262
8563
5793
7564
6506
15027
16611
21102
23604
6473
10029
6102
8651
11110
11859
12922
11096
7603
10039
5251
6012
6784
9188
8983
7815
6025
6878
5347
5735
10048
6012
5916
4812
3990
5326
8173
3251
5358
9737
6042
6755
7072
4658
5020
5804
9227
6047
8262
6042
5743
4907
6282
4502
5272
7495
6858
6403
5522
5274
4188
5296
4257
9731
8941
6071
6051
7102
8799
3967
5287
6120
5078
6850
11031
3647
5826
7789
8385
7899
5676
6802
14977
13920
5766
13180
4616
8151
8955
7092
5979
10328
10991
12050
14544
7868
8151
8846
9193
8155
5695
7096
7107
6110
6076
4240
12907
11502
7923
6049
8631
7639
8156
7082
6339
4800
4308
7198
8973
6882
10970
12072
8926
4194
8930
7979
7145
5585
8177
4689
6075
8419
7093
9307
7436
6103
7455
6041
5653
14177
12104
8149
4671
5244
7359
6344
12350
10023
9164
5264
9199
5290
6869
7903
8196
4517
7822
4693
4775
4740
6404
4159
4946
3960
7097
9250
4686
6421
6529
3916
5020
6115
3620
2929
8947
5037
5727
7905
5037
6031
6109
2994
10763
11687
8178
10011
11024
9826
9175
13141
6784
10769
14533
5722
6783
9728
4691
6052
8456
7392
9497
4336
8884
7875
9990
5010
5793
6845
4734
5812
15020
5281
7904
10711
5802
6848
6780
4004
5318
6160
11037
11816
9990
5760
7080
7577
6068
6854
5762
4763
5787
4914
5296
7136
6368
4935
4685
6021
8177
8947
8916
9989
3658
6062
10041
9209
3926
8484
7178
7094
8131
8167
4208
6052
4645
6356
4229
5322
7073
10458
11844
11464
7093
6073
6757
5327
6066
5030
4235
8213
4965
7879
5766
4674
4188
4997
7974
6835
3940
7884
6088
6839
7607
4239
5380
10729
6792
8143
5698
9664
8128
6864
6048
6081
8979
10041
3923
5721
8185
8991
5022
6893
5330
11053
6372
6863
8676
7823
5231
4965
6722
5683
6530
6495
7452
6853
8917
6443
9350
6052
7124
6051
7121
7934
5238
8925
6365
8210
7289
5154
7849
13167
3638
8615
4714
5042
4240
7420
7188
5321
6414
3478
6124
8492
6103
4956
6031
3953
5634
4669
7840
3275
6464
3573
11822
11481
13885
11791
7864
6455
7491
5508
9713
9739
7543
8574
8637
4748
7905
7895
6516
5620
6034
3911
5751
4973
4625
3635
6055
3509
3223
6053
3642
11049
7381
6051
6792
9719
3926
6023
6057
8584
8945
5705
6302
7378
5288
7403
4021
8516
10359
4978
9261
5020
5731
4915
5991
4964
4932
3945
5334
5827
4756
4994
5270
9618
8491
7517
4639
5237
4188
6319
6775
8130
8944
5255
4251
5340
3693
4979
15776
7838
12864
6840
5010
4931
10251
12031
5241
8164
5030
6771
7792
14989
5656
4693
9240
6809
9219
10021
10791
5010
6095
5944
7366
4917
11324
9683
14708
7628
8926
5047
5419
4755
5786
4746
4249
8955
8933
7920
5779
7890
4991
6875
3959
6064
5014
5283
4294
6802
6031
4664
4769
8280
7512
4036
8938
8619
3687
7916
4700
7120
7368
6280
6024
7108
6856
12097
11024
7898
9217
3984
5047
9580
8268
5873
4636
3962
8680
8213
7976
10407
9370
7638
8957
7873
5987
4263
7239
15708
13540
7120
7906
7906
7101
6076
6138
9238
4969
7110
4364
3980
9195
6077
6813
5001
7922
11077
11066
10836
10021
9801
4489
9559
8490
7248
7191
9564
8276
9606
4994
5766
9193
4672
6027
11071
11865
6040
6807
8597
10039
5263
4025
8561
8956
7902
7120
6787
6280
9232
5331
6750
8575
12844
7859
4945
5019
7118
10235
11319
4218
15331
4980
8206
9233
6021
10760
14968
10511
4670
9475
10716
8125
8869
11685
7066
6786
9250
5587
4741
6289
4484
4229
17418
9679
8473
3567
8671
5737
6562
6430
7879
7396
5406
7916
7867
6341
5686
8823
5254
6048
7080
5026
3976
5658
7809
2848
4978
3608
8552
6031
10264
14195
4895
3180
6321
5273
5285
4023
6056
4719
5023
4998
4189
8151
5281
5318
5258
7115
6368
7443
3979
3988
4249
3234

