Time
61
1062
2124
3125
2084
1062
1052
5051
3968
5021
2895
6104
1842
6031
7104
6031
6052
6042
3157
2146
6031
11093
1869
8947
6041
9958
8947
6062
6041
5010
12125
9240
11801
10800
8937
3905
8905
7853
7916
1863
4978
7094
13958
8988
3136
9214
12125
13146
8908
10767
3982
12940
2921
4989
7863
12062
12146
6010
23198
20010
18208
18947
8157
11073
5010
3926
1842
11052
9989
18968
15021
11842
2895
7884
16094
13947
21791
13927
7905
7083
7853
15000
11073
11027
20000
18146
13180
11073
4979
11052
12833
12874
21811
20801
7916
16833
2874
20041
10790
15780
15995
1842
2863
12895
1052
9958
3157
25021
20022
20022
18153
2094
1073
13219
11031
18157
17146
30825
14010
8947
13937
21853
11832
26122
4039
19989
12076
10010
8167
16083
10020
26031
33135
7104
24250
13178
8167
10769
14958
7874
5021
21031
10031
6874
17040
47083
41031
7031
8926
27104
23136
32073
6041
28947
1062
4198
14989
25749
32843
29934
18898
42915
10831
25030
10077
4979
9940
15021
15067
1910
3937
8937
35010
40031
42095
42105
23979
7895
22166
27937
7916
21052
8167
8157
11041
14970
3926
3989
8947
22905
12916
3968
8947
2905
29989
31094
4989
10010
8113
3178
6062
3958
5010
22833
21853
30832
11884
10077
26919
17853
5000
2995
19036
4989
23947
38958
10021
4999
33979
23979
13137
12104
21042
24174
18958
5976
7874
6052
20041
9968
14989
17895
7937
19979
40010
34198
39188
29979
25010
11073
56083
30000
30749
13895
7905
6843
23947
17884
7884
41853
16052
7926
14989
21943
13926
44968
46041
16052
12905
40031
41062
37166
7083
13916
12083
8947
16062
19989
42136
3156
4186
3135
2073
14968
2094
7115
9999
21083
29209
19271
22833
13906
1791
10759
3926
1842
34999
40790
33947
15790
20769
6832
30780
15051
15019
33958
1832
13958
6832
5021
2083
17104
6041
45010
52104
11062
18157
45000
42094
38167
7136
16062
35000
31801
67906
28888
10075
36888
11877
34978
34968
19900
7884
4968
67884
26842
11864
31016
23968
15060
16934
32114
40010
6031
33905
8916
18936
6042
17125
21041
18188
42104
14968
7104
14161
10031
35010
14933
11822
8947
7926
53947
5790
16842
11072
3916
31041
13968
18957
21062
38957
6842
8947
7916
2895
4999
7874
12863
11031
8937
21010
22094
9989
12125
3178
33979
28131
26083
26073
9989
19968
9250
2094
5738
10000
4989
40021
2084
7104
7073
15041
4169
23077
2094
6842
23979
37863
6093
31031
10010
5000
21063
12926
21062
29999
29999
7926
3936
18111
13926
32104
36063
10010
5738
15000
6780
4998
9951
3967
6880
8968
3965
6041
24989
1832
5000
8957
3937
20046
13958
5000
2084
13947
8136
4989
28136
2115
1062
35000
4182
9177
6041
23177
25770
23917
12895
5811
3905
26041
2874
23937
4943
21853
3957
16055
23926
32884
8916
22083
13926
21062
11031
12895
25031
2104
16073
17115
17043
8937
27034
20009
4229
5000
3125
12115
44188
10784
13990
12884
7853
106031
30989
21822
2886
27938
4968
12104
3169
8178
6053
3124
14959
5749
17895
10790
11832
20801
30779
27874
29989
3968
20051
21853
3947
3958
11052
1853
3916
12853
11052
17086
11062
16083
7115
20041
19978
64167
10010
75021
93146
19250
54261
32125
4240
6852
6821
4968
32884
6811
17905
20031
5031
3998
9989
7115
3968
8198
22094
12125
4168
12094
7875
9948
22916
5800
8979
8926
28926
52905
9989
19989
16026
35021
8968
11863
13957
3958
8937
6041
39989
45000
8926
35021
38947
3979
23157
49190
45021
4209
26822
18917
42893
25016
35817
3943
7902
21881
21861
20810
3905
11800
17884
1899
9025
11910
3947
3926
2077
25010
24979
27895
27884
6062
16020
4968
13146
1842
6842
2895
1864
11052
6062
28968
7083
82115
32115
19978
6052
16062
15000
18169
13167
6052
13219
11073
2094
11031
9170
13167
5020
4209
19981
10827
7954
13996
19968
10000
17905
11864
2884
6863
3986
9989
13937
8936
2905
33121
2115
113968
33958
26010
29167
18125
28115
11010
13078
21052
9979
14168
19188
9250
17115
7884
6832
5780
8958
36082
3947
2895
16073
8142
38958
38114
23188
12115
11052
6031
9211
29164
13167
36876
35823
25796
10000
26902
3996
37884
31853
16052
11811
68948
82905
64979
72905
63979
58947
18947
16052
15010
17083
12146
12034
3947
11052
9188
11073
35030
25011
27895
32926
13958
22916
15992
9958
17895
11083
11863
14958
36052
49978
32863
7067
7055
16073
27166
8958
13177
11020
21010
9989
16073
14979
9229
17083
19989
12104
11020
11062
9186
6042
36041
14999
9999
14999
13198
4937
8917
8964
7901
14968
20000
27094
17094
4979
7895
15010
7926
7166
6083
7104
18136
5031
7104
3219
3180
11083
11073
7115
7115
8177
5031
17146
13123
2853
9958
15801
7916
6822
41874
41863
7874
7089
3968
2073
2125
9978
39968
11031
8146
34999
8917
9961
17932
10839
20818
5818
20807
33954
13967
2935
15810
11801
2874
6041
6041
9014
31909
10010
5010
4989
6073
8947
11052
3147
18157
10000
18979
2073
13167
32843
36822
31832
4961
23979
2916
2895
21874
1842
8989
58979
8947
2083
2115
22864
25738
2880
6859
17897
10803
5025
5029
3947
6031
59949
5066
16041
9978
12104
18167
13968
21041
25010
4989
29177
2062
4989
13135
4978
3178
7094
8885
9999
20759
20811
20801
17884
7874
8936
5030
3936
7093
3988
4188
16010
4989
10031
41083
45041
23924
38959
8949
6865
9986
20009
17954
21891
6811
5000
3959
16842
2905
6041
2936
38998
38988
46020
47094
43148
10010
13198
40000
13947
10010
28958
7115
4229
2073
25000
24989
26041
23111
14223
31832
20811
8937
5790
20062
7916
23936
11842
8979
2884
16842
6061
23947
32073
20010
43937
16062
3968
15020
12905
28177
23916
24999
16083
30041
16073
9192
11782
13981
29994
9978
12896
25010
26821
42056
43937
32863
22054
13959
12884
19989
10021
17094
25031
31052
17166
10020
38979
41018
13138
10010
32125
18178
25031
25021
3979
9229
9177
9978
10010
9999
8199
39271
15041
15728
13855
6832
6811
4968
11041
6832
5010
15021
11864
16853
26049
24965
3947
7926
8926
4999
4989
13136
11042
3926
8989
8151
12083
9203
8188
12136
7125
4973
22895
9996
17940
10000
18905
8958
5009
9999
8936
2916
3978
8187
6052
13093
4177
10010
9198
17125
21073
8947
16884
8905
12853
5000
7874
3947
5010
5041
7905
11052
3989
15031
13979
8126
9215
23188
10728
6812
10805
8900
11857
7914
4997
7903
3988
3967
1875
23905
11006
26041
2885
12874
24979
7874
6041
3138
8178
8157
5031
2104
7104
4926
8917
11780
2905
3936
7874
12864
11832
5790
4943
18948
36026
16104
8968
1874
11020
3947
2094
3937
2937
2905
2895
3187
3177
7115
4167
7104
14198
14978
3178
6062
12136
3188
16094
11847
3934
10049
9999
7904
2948
1865
1832
3947
12874
6842
3947
3926
38937
46052
5010
34968
31031
26052
27083
26073
24999
8167
28167
42115
18968
13173
13979
13958
20020
23168
27146
28958
33947
18968
12083
19229
11020
13167
4968
24999
38157
2104
40000
38167
47104
43167
15000
1853
1832
12905
1832
10010
5997
37135
36041
32916
32115
4978
11020
7094
8137
7104
8148
8958
10021
6094
4999
6031
9197
3157
4982
10012
6870
5058
5829
4996
2924
2914
1821
4968
30010
20000
4989
8947
11874
6832
9958
12863
7104
3916
2895
6040
5010
6073
8157
16083
3125
13167
8199
12136
2854
7863
1843
5822
17863
19989
1864
5010
16104
6055
2938
7109
7926
6094
10000
4989
6094
7115
18167
15000
13167
4240
5010
4958
6845
7866
3919
32922
31881
4995
11882
11038
6821
5010
6104
3968
3971
2918
12124
13926
12863
7863
2895
2133
3989
12093
7115
2083
7115
3149
13119
11052
12104
2114
14929
10759
7863
6842
7905
5832
3926
7884
11041
4986
6875
7124
7863
2905
3968
6062
8947
7109
7104
6052
5011
2115
7062
9182
6041
2073
4989
6052
4230
5728
3906
2887
3929
8985
11821
13947
14968
1842
6064
6051
2102
7073
4988
1051
6041
8926
11052
4989
8958
8157
8208
7094
2062
4183
6780
1853
7937
1842
6801
3926
5010
2884
3937
8936
5000
4188
8136
3157
4209
3157
2890
8974
1849
2944
8958
2874
1853
3937
18905
13937
2874
13926
12895
11094
3937
13119
5011
8167
3150
3219
3172
16052
3157
14183
13146
3136
11052
9999
9261
5041
10000
9219
2875
1832
1853
6023
10031
3958
17895
11031
8936
17135
11052
9989
13958
4979
3968
2916
7133
7895
6031
7094
16042
7091
5010
4198
7115
4209
2094
3188
5738
3895
5728
6780
3931
1836
2899
1853
2916
3905
2863
14999
8958
5021
5020
6094
8947
6052
8187
8125
3968
3142
2115
5031
5020
4978
3125
4240
4172
2115
2136
4997
3958
2895
2874
3948
5010
21842
11031
2884
1842
10010
7089
2905
2094
4989
6041
4958
5021
2115
2094
3178
9968
21041
4240
18146
4989
2115
1845
6868
1868
3916
6853
6031
5031
1842
2895
1863
2853
4978
2089
3958
3152
3979
3186
3178
3178
3165
2905
10010
7926
8958
7874
6093
11842
1886
10020
2125
2115
2928
2104
2083
7073
3146
7083
2104
9215
6052
3917
7854
8939
13928
7910
3973
3937
7937
3947
7884
8926
3936
11020
15000
6051
9988
5010
8218
8167
5000
4989
9989
8136
5010
7853
10729
11812
4997
5759
7905
4995
3937
3968
7863
6821
7884
1842
5021
3947
5031
3926
2073
5021
7156
3948
8119
3937
6073
2094
8162
7115
4198
7073
7094
5000
1052
2889
2920
7863
6031
6822
5000
2895
1864
6063
3925
3163
3152
7104
4978
4172
9250
11073
11064
9199
7115
7874
5811
5000
3926
4989
3968
7124
6009
3947
7104
4989
3947
10042
10010
3188
9196
7073
15000
6041
11063
5010
13188
3157
9989
7146
5761
2895
6082
6853
4989
3979
7937
3926
2078
4989
8980
7104
6083
6052
3926
8157
7104
6042
8958
5010
7083
4958
5000
3136
17125
13157
2094
4204
12853
8927
2884
1863
5005
6874
4999
4988
11051
8926
6010
7874
7091
7134
6062
2874
2915
2073
6052
6041
4979
5020
7115
6083
2126
4199
4271
2844
2833
3917
5024
5003
5825
1836
5000
4979
11853
7884
2916
1884
1863
3916
2079
7905
2124
2062
8916
5010
1052
1813
8927
4997
4975
7905
3958
3979
6800
8947
5000
3937
3979
2905
7937
6853
7124
12083
2895
3937
2094
2895
5010
3926
6053
4968
3167
3926
2104
4188
4177
2083
3167
5021
4261
2877
3941
10815
6889
8993
1821
4989
2884
5000
2916
3957
3958
3958
3165
3164
6083
4184
4989
3178
2115
3926
6832
7926
3968
3937
5010
6016
2895
5000
7062
2094
3916
8916
6052
6010
9989
9240
7115
7104
2136
2104
6802
5738
4958
11826
6868
5826
5806
5068
3974
4989
3957
4999
9978
3958
5021
3163
7073
8115
9209
6031
3146
5000
2104
4203
3916
9979
5041
6853
9989
5780
4995
8989
3937
6039
6821
2895
3936
5010
6811
7863
5010
7895
1832
2905
2905
6042
5021
3979
2905
6010
3187
2073
3167
1051
4209
1801
6858
5010
7874
3989
6083
3937
7884
6031
7083
4989
2926
5031
5010
2905
3936
7104
7094
2125
4173
3125
3146
6061
5728
6781
4967
2874
6874
4995
1853
5016
3905
4989
5010
2895
3957
1853
2073
2917
3968
2896
2073
13905
8958
4989
8208
3219
3958
3157
2094
3178
7136
3906
1847
3916
1821
4979
6063
2905
1863
1874
2089
6031
8135
7094
10010
3142
6073
2094
3219
2104
7136
2136
2874
5008
3989
2916
2863
2073
5042
8109
6041
9967
8947
10022
6062
16094
8947
14989
8135
3167
6051
4989
5021
3885
6855
6813
2888
2889
806
7863
2853
6052
2895
1884
7907
6052
6063
7094
11073
6052
3968
3187
6041
3968
3152
7104
4196
4194
5010
3917
2884
1811
2895
4968
17895
1864
2863
4978
7078
3957
3958
10000
3115
7125
7083
3968
2104
2136
12094
2094
14999
6072
7125
7093
5020
4219
5000
3906
1844
1824
2887
5002
12885
2905
3958
1884
2884
2863
2112
11052
13905
18177
18146
3121
3155
12104
2125
7094
7136
8178
8937
5020
6073
3968
3115
3178
2905
2863
2905
3947
1874
1811
2874
6853
3916
6031
7080
8926
2874
7166
4978
6031
3958
3157
3146
3968
12062
7094
5010
3157
3167
4250
6073
4948
2907
1835
2864
2916
5010
6073
5000
4988
4989
5000
4989
3968
2926
2916
2101
3905
3187
3115
6041
8115
4185
3167
5010
3157
2104
1842
1832
5791
3947
6017
3936
3926
2884
2905
2874
2125
2125
5031
3115
2094
6063
3947
3146
3115
4968
9218
8167
6062
4209
2833
5032
5792
6866
2897
2908
3947
2874
2853
1874
5041
2874
4999
3154
3937
3164
4197
3115
3157
8146
6062
5738
3947
2906
4986
7926
2905
2884
2853
4978
6082
7895
1864
1853
3968
1842
2115
2094
2125
3115
8947
7115
2083
3937
5000
2115
2082
2104
3146
1780
7931
7874
6822
1885
6041
5010
3936
10021
7115
5031
6052
11052
4174
7104
4228
4271
8199
5032
6801
5759
4997
11072
6821
5010
7895
3989
5010
4990
4979
6063
5000
3927
4958
7073
3958
3916
3198
8142
2094
6041
7115
8167
7126
3177
6801
6791
3917
5795
2874
6062
3947
5041
3915
7104
3947
3947
2884
5010
6041
2916
2166
6062
6031
5031
4978
8136
3147
2864
10791
3947
5759
3947
9989
10000
6039
6853
4979
2884
3957
3947
2916
2884
7100
7079
7099
6083
5000
3136
3937
7062
3146
6063
4989
4209
5020
2876
5004
2920
6800
8948
4989
1832
6041
4958
6010
3936
2102
7156
6031
7073
9980
4989
5021
4989
3969
3949
8157
3157
4184
3157
4205
5020
6853
4963
1821
5801
7916
3947
3926
2874
2895
5061
2915
1863
2863
2895
1853
2084
2895
2916
2937
2073
6062
3926
3157
6052
2071
4250
3178
3167
4969
2875
2863
2895
2916
2907
6041
8136
3936
6041
3198
3143
1083
7115
12104
3146
2105
8927
4986
6811
5780
1822
2926
822
3926
7905
10010
15000
6842
7069
3926
6052
2874
3989
7094
3926
3146
8979
5020
7146
8186
3989
3146
3125
3167
8928
5056
5805
6868
2931
6010
3937
3926
2873
2895
1842
4978
6031
2874
6041
3979
3979
2146
5000
9209
4173
5000
3168
4271
4943
7833
2853
2926
1832
4979
11062
2916
4967
2895
5000
2874
2166
3979
3926
8155
9968
5011
7115
3167
3146
5013
6835
7877
5004
1857
3947
11037
5010
2916
6842
10010
4979
6042
7094
2090
6041
8947
8146
5000
3926
7104
5031
3219
3186
4174
3157
2104
5738
7874
3937
2916
6832
1863
3936
1842
4968
2905
2082
7090
6041
7905
7884
3958
4999
4968
3936
3926
3146
3979
7092
6062
3146
3147
4261
2105
3917
5002
4970
2899
3941
3915
2884
3947
2884
3173
6009
4160
6042
2104
10009
7145
5771
4997
3948
6842
3916
3968
5021
5000
5010
3968
4989
7068
9989
3927
16052
17884
2083
2884
7865
6073
3926
2905
9989
12104
8926
8219
4177
31062
37094
22104
3167
6791
6846
3963
2905
6053
4958
6052
6020
3938
5031
3957
8938
8188
3958
4229
11063
10022
8146
5000
9271
7115
7884
3947
3937
3958
7916
2937
2926
5832
2884
1811
1853
11874
7937
7102
4968
4989
3947

