Time
61
1114
1062
3989
3979
6114
6083
11093
16093
11052
10010
6065
15020
6041
25000
23926
18958
8979
25000
15006
15003
31031
15000
23989
21072
16006
29979
31020
26020
20021
21052
6114
30000
23951
21093
31093
6062
28895
33917
23968
8968
18979
14996
20020
24998
11063
25021
43965
48923
38948
30029
10010
10031
13906
18895
8906
49958
28895
43885
13916
23936
45016
20020
8989
55000
36021
31052
31104
26077
8906
38951
13964
30000
35016
9968
31062
30030
24951
28947
18937
54990
25014
20010
13989
10000
15010
26037
26051
21052
13946
43969
45011
20038
25076
33961
39979
60000
21027
16041
26062
71114
14947
8968
43958
18947
20051
20020
10010
14989
11052
25018
33977
58956
15032
28959
25000
14958
49968
31082
54968
21045
26031
11078
31035
31061
25000
23917
9978
23936
14988
49978
55000
11031
6033
44978
21093
15041
16038
13917
4971
50049
29001
9001
19978
26052
31017
11029
20021
10010
16114
5041
33926
11020
26053
11062
20010
30000
25010
30021
21052
10000
18919
20034
39955
23961
5006
43933
13976
10035
21012
20000
16062
5020
23895
33885
20000
28926
14992
30021
35051
60021
69989
38958
14988
14989
11052
16044
6104
10000
15041
20020
88917
33929
4994
10009
23942
10009
14958
24968
19968
15010
5021
10010
14929
4962
13937
23926
90000
21041
36059
11073
15031
21051
25020
13917
13918
18930
23983
11026
19968
16031
21059
14989
15000
10031
5021
9989
10021
16114
11057
9937
15000
10000
4974
5008
10000
8937
10031
3979
31072
5031
10020
11062
10010
15020
21073
10000
19999
5024
11027
15021
9989
10020
11069
5010
23895
13926
10041
8958
5007
4995
4989
10021
10000
10022
15015
14958
10010
11027
13916
19979
5006
18968
11031
6050
5021
4990
10020
9944
18950
24991
16031
6041
10010
15041
10010
15041
18937
10000
14985
9989
21031
24968
11072
9958
20000
10020
5031
18885
10000
9999
4991
5013
9998
9976
10010
13993
25035
4989
26072
24958
20000
6052
20000
8947
11031
14978
10000
6070
20010
9967
10032
9987
5024
8961
6020
5000
10000
20000
19978
4934
9937
20030
23916
13947
18968
5029
9968
16037
20000
5010
11104
5031
4981
13960
15002
18929
20010
11103
6114
10041
15000
9969
14986
13926
14997
13947
8979
4996
9967
8896
23939
13939
13928
15004
13930
8930
6031
5021
11070
10020
15041
6073
11114
10000
8895
19979
13968
5005
16017
6049
15010
10020
14969
8927
8906
4982
10000
5000
15010
11047
19989
15062
9989
9968
6048
6037
6047
10020
11083
20000
11073
10000
8939
5004
5004
5031
10000
11114
10010
8937
6049
9930
13918
15066
25014
18983
10009
20000
31027
10021
16031
25031
30000
15021
26104
29989
9999
9978
10000
16082
9989
11031
6104
6037
6057
15001
18948
23938
28917
9997
13928
13960
5012
5002
20019
3961
6063
10011
10010
15031
20000
5031
10041
8927
10041
15008
20041
23947
13937
5018
4989
9989
13949
14981
18929
23960
10011
8981
5002
10054
5024
4978
9989
5041
6083
4968
9968
14965
10041
13947
13937
14987
8979
3979
6072
10000
9989
5024
4978
9958
9999
9968
6017
11052
23918
13972
10022
18951
18982
19989
8983
8962
15066
5004
6072
5000
4944
10010
18926
9989
16017
11052
9989
6026
6114
5031
25020
30010
19956
23917
18960
10000
8973
18963
25016
5037
13953
21072
9978
15000
18917
23885
9979
13947
8989
5000
14968
11031
10021
4995
13953
9990
10010
8996
5000
4978
25008
14993
10020
4968
11052
19990
9999
4969
9986
15007
16072
19978
26072
24958
10010
10021
8916
13926
25041
30000
10041
15007
13947
3979
11010
16024
10031
6080
14948
5016
4985
4968
31039
11024
10000
24984
33926
15004
18958
8989
9958
5021
6059
14979
15000
4995
33974
38943
30057
18965
5000
20021
9979
15021
14952
8947
21031
30034
43941
33930
9977
20048
25007
29978
9990
20014
3968
16041
14968
16093
11059
10031
6083
24960
15015
13958
11072
14957
5010
6048
5010
4937
16031
4989
15000
20020
14957
18958
28936
49989
29989
33947
33937
14992
13958
20010
28979
11041
9968
16072
6082
10010
6034
9927
18895
11058
36031
6031
20030
28936
28916
19989
29979
13937
15004
18968
33979
21041
26022
15000
11093
4999
14948
13927
9999
63974
28932
18952
40069
48986
53976
9989
14968
10000
15010
24989
6062
11043
4943
8917
18948
14982
10021
23979
15010
14968
13885
10023
5029
5000
10041
15010
9978
19989
10031
5002
13958
4989
16012
29989
18885
14971
25033
18964
38963
30069
35039
35028
14978
15010
24989
31035
5021
6031
11093
11022
21104
21072
11082
11042
33960
20022
6031
29989
11013
14989
19989
10021
14979
11056
19989
10000
6062
23958
28926
39989
18926
14996
9968
35007
4973
20010
13958
6039
5000
10021
16093
15010
10010
6057
13939
10055
8961
15035
34958
14978
6093
9989
6052
8917
14954
13895
18926
30021
35003
33947
10010
13979
23968
11020
9979
6048
4937
9933
9977
15002
13951
8963
9958
26082
31026
35000
11050
15010
10021
10000
6114
9978
18937
8947
8968
11041
16093
11073
10031
5021
6114
18906
9977
5004
14958
9958
6104
11068
13906
10000
4995
8958
8958
9968
4978
11073
20031
8906
13927
19966
4970
9976
8970
4968
21026
16052
20031
20000
6062
11114
11081
9948
10010
13937
8989
9989
9968
6038
15021
16037
20000
6059
11114
10000
8906
8917
9956
13949
4980
8959
11060
9989
4999
6103
8968
9979
13926
4998
8947
6061
4990
5031
9989
10021
11073
11062
6114
4948
4937
9979
6082
9979
5021
5010
4944
4932
8947
16018
11083
9956
8961
15025
13972
13993
9989
6052
11082
6020
10010
5021
5010
4933
10010
15018
14968
14958
9989
10010
6048
5010
10000
4969
10032
8949
10021
30011
9989
4968
6082
33917
20000
20000
8979
10010
10000
8989
11031
15000
9967
13929
10011
8951
8953
19957
11039
11059
9969
13927
8947
3968
6027
18949
23939
4992
5024
5013
20065
30020
4988
4978
16031
16052
15041
15020
10000
14932
20000
18917
23906
15000
10041
13937
14997
8958
8926
4985
15029
20020
18947
10021
5010
6071
11041
15031
15021
5000
9977
10000
6041
10011
11093
10021
5021
9958
9979
5019
8958
4978
5010
6059
11052

